1.00
0.95
0.92
1.00
0.92
0.89
1.00
0.92
0.86
1.01
0.97
0.94
1.01
0.95
0.91
1.01
0.95
0.88
1.02
0.97
0.94
1.02
0.95
0.91
1.02
0.95
0.88
1.08
1.00
0.96
1.08
1.00
0.93
1.08
1.00
0.93
1.10
1.03
0.98
1.10
1.03
0.96
1.10
1.03
0.96
1.10
1.03
0.99
1.10
1.03
0.96
1.10
1.03
0.96
1.17
1.08
1.00
1.17
1.08
1.00
1.17
1.08
1.00
1.18
1.11
1.03
1.18
1.11
1.03
1.18
1.11
1.03
1.19
1.11
1.03
1.19
1.11
1.03
1.19
1.11
1.03
1.00
0.98
0.97
1.00
0.95
0.93
1.00
0.92
0.89
1.01
0.99
0.98
1.01
0.97
0.94
1.01
0.95
0.91
1.02
0.99
0.98
1.02
0.97
0.94
1.02
0.95
0.91
1.08
1.03
1.00
1.08
1.00
0.96
1.08
1.00
0.93
1.10
1.05
1.02
1.10
1.03
0.98
1.10
1.03
0.96
1.10
1.05
1.02
1.10
1.03
0.99
1.10
1.03
0.96
1.17
1.09
1.04
1.17
1.08
1.00
1.17
1.08
1.00
1.18
1.11
1.06
1.18
1.11
1.03
1.18
1.11
1.03
1.19
1.12
1.06
1.19
1.11
1.03
1.19
1.11
1.03
1.17
1.40
1.46
1.00
0.98
0.96
1.00
0.95
0.93
1.18
1.43
1.49
1.01
0.99
0.97
1.01
0.97
0.94
1.19
1.43
1.49
1.02
0.99
0.98
1.02
0.97
0.94
1.09
1.06
1.04
1.08
1.03
1.00
1.08
1.00
0.96
1.10
1.07
1.06
1.10
1.05
1.02
1.10
1.03
0.98
1.10
1.07
1.06
1.10
1.05
1.02
1.10
1.03
0.99
1.17
1.11
1.08
1.17
1.09
1.04
1.17
1.08
1.00
1.18
1.13
1.10
1.18
1.11
1.06
1.18
1.11
1.03
1.19
1.13
1.10
1.19
1.11
1.06
1.19
1.11
1.03
0.97
0.92
0.90
0.97
0.90
0.86
0.97
0.90
0.84
0.99
0.94
0.92
0.99
0.92
0.88
0.99
0.92
0.86
0.99
0.94
0.92
0.99
0.92
0.88
0.99
0.92
0.86
1.05
0.97
0.94
1.05
0.97
0.90
1.05
0.97
0.90
1.07
1.00
0.96
1.07
1.00
0.93
1.07
1.00
0.93
1.07
1.00
0.96
1.07
1.00
0.93
1.07
1.00
0.93
1.13
1.05
0.97
1.13
1.05
0.97
1.13
1.05
0.97
1.15
1.08
1.00
1.15
1.08
1.00
1.15
1.08
1.00
1.15
1.08
1.00
1.15
1.08
1.00
1.15
1.08
1.00
0.98
0.95
0.94
0.97
0.92
0.90
0.97
0.90
0.87
0.99
0.96
0.95
0.99
0.94
0.92
0.99
0.92
0.89
0.99
0.97
0.95
0.99
0.94
0.92
0.99
0.92
0.89
1.05
1.00
0.98
1.05
0.97
0.94
1.05
0.97
0.90
1.07
1.02
0.99
1.07
1.00
0.96
1.07
1.00
0.93
1.07
1.02
0.99
1.07
1.00
0.96
1.07
1.00
0.93
1.13
1.06
1.01
1.13
1.05
0.97
1.13
1.05
0.97
1.15
1.08
1.03
1.15
1.08
1.00
1.15
1.08
1.00
1.15
1.08
1.04
1.15
1.08
1.00
1.15
1.08
1.00
1.14
1.37
1.42
0.98
0.95
0.94
0.97
0.92
0.90
1.15
1.39
1.44
0.99
0.96
0.95
0.99
0.94
0.92
1.15
1.39
1.45
0.99
0.97
0.95
0.99
0.94
0.92
1.06
1.03
1.01
1.05
1.00
0.97
1.05
0.97
0.94
1.07
1.04
1.03
1.07
1.02
0.99
1.07
1.00
0.96
1.07
1.05
1.03
1.07
1.02
0.99
1.07
1.00
0.96
1.14
1.08
1.05
1.13
1.06
1.01
1.13
1.05
0.97
1.15
1.10
1.07
1.15
1.08
1.03
1.15
1.08
1.00
1.15
1.10
1.07
1.15
1.08
1.03
1.15
1.08
1.00
0.97
0.92
0.90
0.97
0.90
0.86
0.97
0.90
0.84
0.99
0.94
0.92
0.99
0.92
0.88
0.99
0.92
0.86
0.99
0.94
0.92
0.99
0.92
0.88
0.99
0.92
0.86
1.05
0.97
0.94
1.05
0.97
0.90
1.05
0.97
0.90
1.07
1.00
0.96
1.07
1.00
0.93
1.07
1.00
0.93
1.07
1.00
0.96
1.07
1.00
0.93
1.07
1.00
0.93
1.13
1.05
0.97
1.13
1.05
0.97
1.13
1.05
0.97
1.15
1.08
1.00
1.15
1.08
1.00
1.15
1.08
1.00
1.15
1.08
1.00
1.15
1.08
1.00
1.15
1.08
1.00
0.98
0.95
0.94
0.97
0.92
0.90
0.97
0.90
0.87
0.99
0.96
0.95
0.99
0.94
0.92
0.99
0.92
0.89
0.99
0.97
0.95
0.99
0.94
0.92
0.99
0.92
0.89
1.05
1.00
0.98
1.05
0.97
0.94
1.05
0.97
0.90
1.07
1.02
0.99
1.07
1.00
0.96
1.07
1.00
0.93
1.07
1.02
0.99
1.07
1.00
0.96
1.07
1.00
0.93
1.13
1.06
1.01
1.13
1.05
0.97
1.13
1.05
0.97
1.15
1.08
1.03
1.15
1.08
1.00
1.15
1.08
1.00
1.15
1.08
1.04
1.15
1.08
1.00
1.15
1.08
1.00
1.14
1.37
1.42
0.98
0.95
0.94
0.97
0.92
0.90
1.15
1.39
1.44
0.99
0.96
0.95
0.99
0.94
0.92
1.15
1.39
1.45
0.99
0.97
0.95
0.99
0.94
0.92
1.06
1.03
1.01
1.05
1.00
0.97
1.05
0.97
0.94
1.07
1.04
1.03
1.07
1.02
0.99
1.07
1.00
0.96
1.07
1.05
1.03
1.07
1.02
0.99
1.07
1.00
0.96
1.14
1.08
1.05
1.13
1.06
1.01
1.13
1.05
0.97
1.15
1.10
1.07
1.15
1.08
1.03
1.15
1.08
1.00
1.15
1.10
1.07
1.15
1.08
1.03
1.15
1.08
1.00
