0.71
0.69
0.68
0.70
0.68
0.66
0.70
0.67
0.64
0.71
0.70
0.69
0.71
0.69
0.67
0.71
0.68
0.66
0.71
0.70
0.69
0.71
0.69
0.68
0.71
0.68
0.66
0.72
0.71
0.69
0.72
0.69
0.68
0.72
0.68
0.65
0.73
0.71
0.70
0.73
0.71
0.69
0.73
0.69
0.67
0.73
0.72
0.70
0.73
0.71
0.69
0.73
0.70
0.67
0.74
0.72
0.71
0.74
0.71
0.69
0.73
0.69
0.66
0.74
0.73
0.71
0.74
0.72
0.70
0.74
0.71
0.68
0.75
0.73
0.72
0.75
0.72
0.70
0.75
0.71
0.68
0.71
0.71
0.71
0.71
0.69
0.68
0.70
0.68
0.66
0.71
0.71
0.71
0.71
0.70
0.69
0.71
0.69
0.67
0.72
0.72
0.72
0.71
0.70
0.69
0.71
0.69
0.67
0.72
0.72
0.71
0.72
0.70
0.69
0.72
0.69
0.67
0.73
0.72
0.72
0.73
0.71
0.70
0.73
0.70
0.68
0.73
0.73
0.72
0.73
0.72
0.70
0.73
0.70
0.68
0.74
0.73
0.72
0.74
0.72
0.70
0.74
0.70
0.68
0.74
0.74
0.73
0.74
0.73
0.71
0.74
0.72
0.69
0.75
0.74
0.73
0.75
0.73
0.72
0.75
0.72
0.69
0.77
0.77
0.76
0.71
0.71
0.71
0.70
0.69
0.68
0.77
0.77
0.77
0.71
0.71
0.71
0.71
0.70
0.69
0.78
0.77
0.77
0.71
0.71
0.72
0.71
0.70
0.69
0.77
0.77
0.77
0.72
0.72
0.71
0.72
0.70
0.69
0.77
0.77
0.77
0.73
0.72
0.72
0.73
0.71
0.70
0.78
0.78
0.78
0.73
0.72
0.72
0.73
0.71
0.70
0.77
0.77
0.77
0.74
0.73
0.72
0.74
0.71
0.70
0.77
0.77
0.77
0.74
0.74
0.73
0.74
0.72
0.71
0.78
0.78
0.78
0.75
0.74
0.73
0.75
0.73
0.71
0.71
0.69
0.68
0.70
0.68
0.66
0.70
0.67
0.64
0.71
0.70
0.69
0.71
0.69
0.67
0.71
0.68
0.66
0.71
0.70
0.69
0.71
0.69
0.68
0.71
0.68
0.66
0.72
0.71
0.69
0.72
0.69
0.68
0.72
0.68
0.65
0.73
0.71
0.70
0.73
0.71
0.69
0.73
0.69
0.67
0.73
0.72
0.70
0.73
0.71
0.69
0.73
0.70
0.67
0.74
0.72
0.71
0.74
0.71
0.69
0.73
0.69
0.66
0.74
0.73
0.71
0.74
0.72
0.70
0.74
0.71
0.68
0.75
0.73
0.72
0.75
0.72
0.70
0.75
0.71
0.68
0.71
0.71
0.71
0.71
0.69
0.68
0.70
0.68
0.66
0.71
0.71
0.71
0.71
0.70
0.69
0.71
0.69
0.67
0.72
0.72
0.72
0.71
0.70
0.69
0.71
0.69
0.67
0.72
0.72
0.71
0.72
0.70
0.69
0.72
0.69
0.67
0.73
0.72
0.72
0.73
0.71
0.70
0.73
0.70
0.68
0.73
0.73
0.72
0.73
0.72
0.70
0.73
0.70
0.68
0.74
0.73
0.72
0.74
0.72
0.70
0.74
0.70
0.68
0.74
0.74
0.73
0.74
0.73
0.71
0.74
0.72
0.69
0.75
0.74
0.73
0.75
0.73
0.72
0.75
0.72
0.69
0.77
0.77
0.76
0.71
0.71
0.71
0.70
0.69
0.68
0.77
0.77
0.77
0.71
0.71
0.71
0.71
0.70
0.69
0.78
0.77
0.77
0.71
0.71
0.72
0.71
0.70
0.69
0.77
0.77
0.77
0.72
0.72
0.71
0.72
0.70
0.69
0.77
0.77
0.77
0.73
0.72
0.72
0.73
0.71
0.70
0.78
0.78
0.78
0.73
0.72
0.72
0.73
0.71
0.70
0.77
0.77
0.77
0.74
0.73
0.72
0.74
0.71
0.70
0.77
0.77
0.77
0.74
0.74
0.73
0.74
0.72
0.71
0.78
0.78
0.78
0.75
0.74
0.73
0.75
0.73
0.71
0.69
0.68
0.67
0.69
0.67
0.65
0.69
0.65
0.63
0.70
0.69
0.68
0.70
0.68
0.66
0.70
0.67
0.64
0.70
0.69
0.68
0.70
0.68
0.66
0.70
0.67
0.64
0.71
0.69
0.68
0.71
0.68
0.66
0.70
0.67
0.64
0.71
0.70
0.69
0.71
0.69
0.67
0.71
0.68
0.65
0.72
0.70
0.69
0.72
0.69
0.67
0.72
0.68
0.65
0.72
0.70
0.69
0.72
0.69
0.67
0.72
0.68
0.65
0.73
0.71
0.70
0.73
0.70
0.68
0.73
0.69
0.66
0.73
0.72
0.70
0.73
0.71
0.68
0.73
0.69
0.67
0.69
0.69
0.69
0.69
0.68
0.67
0.69
0.66
0.65
0.70
0.70
0.70
0.70
0.69
0.68
0.70
0.68
0.66
0.70
0.70
0.70
0.70
0.69
0.68
0.70
0.68
0.66
0.71
0.70
0.70
0.71
0.69
0.68
0.70
0.68
0.66
0.71
0.71
0.70
0.71
0.70
0.69
0.71
0.69
0.67
0.72
0.71
0.71
0.72
0.70
0.69
0.72
0.69
0.67
0.72
0.71
0.71
0.72
0.70
0.69
0.72
0.69
0.67
0.73
0.72
0.71
0.73
0.71
0.70
0.73
0.70
0.68
0.73
0.72
0.72
0.73
0.71
0.70
0.73
0.70
0.68
0.75
0.75
0.75
0.69
0.69
0.69
0.69
0.67
0.66
0.76
0.75
0.75
0.70
0.70
0.70
0.70
0.68
0.67
0.76
0.76
0.76
0.70
0.70
0.70
0.70
0.68
0.67
0.75
0.75
0.75
0.71
0.70
0.70
0.71
0.69
0.67
0.76
0.76
0.76
0.71
0.71
0.70
0.71
0.70
0.68
0.76
0.76
0.76
0.72
0.71
0.70
0.72
0.70
0.68
0.75
0.75
0.75
0.72
0.71
0.71
0.72
0.70
0.68
0.76
0.76
0.76
0.73
0.72
0.71
0.73
0.71
0.69
0.76
0.76
0.76
0.73
0.72
0.72
0.73
0.71
0.70
