0.86
0.86
0.86
0.79
0.79
0.79
0.73
0.73
0.73
0.87
0.87
0.87
0.80
0.80
0.80
0.74
0.74
0.74
0.87
0.87
0.87
0.80
0.80
0.80
0.74
0.74
0.74
0.86
0.86
0.86
0.79
0.79
0.79
0.73
0.73
0.73
0.87
0.87
0.87
0.80
0.80
0.80
0.74
0.74
0.74
0.87
0.87
0.87
0.80
0.80
0.80
0.74
0.74
0.74
0.86
0.86
0.86
0.79
0.79
0.79
0.73
0.73
0.73
0.87
0.87
0.87
0.80
0.80
0.80
0.74
0.74
0.74
0.87
0.87
0.87
0.80
0.80
0.80
0.74
0.74
0.74
0.93
0.93
0.93
0.86
0.86
0.86
0.80
0.80
0.80
0.94
0.94
0.94
0.87
0.87
0.87
0.80
0.80
0.80
0.95
0.95
0.95
0.87
0.87
0.87
0.81
0.81
0.81
0.93
0.93
0.93
0.86
0.86
0.86
0.80
0.80
0.80
0.94
0.94
0.94
0.87
0.87
0.87
0.80
0.80
0.80
0.95
0.95
0.95
0.87
0.87
0.87
0.81
0.81
0.81
0.93
0.93
0.93
0.86
0.86
0.86
0.80
0.80
0.80
0.94
0.94
0.94
0.87
0.87
0.87
0.80
0.80
0.80
0.95
0.95
0.95
0.87
0.87
0.87
0.81
0.81
0.81
1.14
1.39
1.45
0.93
0.93
0.93
0.86
0.86
0.86
1.16
1.41
1.48
0.94
0.94
0.94
0.87
0.87
0.87
1.16
1.42
1.48
0.94
0.94
0.94
0.87
0.87
0.87
1.01
1.01
1.01
0.93
0.93
0.93
0.86
0.86
0.86
1.02
1.02
1.02
0.94
0.94
0.94
0.87
0.87
0.87
1.02
1.02
1.02
0.94
0.94
0.94
0.87
0.87
0.87
1.01
1.01
1.01
0.93
0.93
0.93
0.86
0.86
0.86
1.02
1.02
1.02
0.94
0.94
0.94
0.87
0.87
0.87
1.02
1.02
1.02
0.94
0.94
0.94
0.87
0.87
0.87
0.84
0.84
0.84
0.77
0.77
0.77
0.71
0.71
0.71
0.84
0.84
0.84
0.78
0.78
0.78
0.72
0.72
0.72
0.85
0.85
0.85
0.78
0.78
0.78
0.72
0.72
0.72
0.84
0.84
0.84
0.77
0.77
0.77
0.71
0.71
0.71
0.84
0.84
0.84
0.78
0.78
0.78
0.72
0.72
0.72
0.85
0.85
0.85
0.78
0.78
0.78
0.72
0.72
0.72
0.84
0.84
0.84
0.77
0.77
0.77
0.71
0.71
0.71
0.84
0.84
0.84
0.78
0.78
0.78
0.72
0.72
0.72
0.85
0.85
0.85
0.78
0.78
0.78
0.72
0.72
0.72
0.91
0.91
0.91
0.84
0.84
0.84
0.78
0.78
0.78
0.92
0.92
0.92
0.84
0.84
0.84
0.78
0.78
0.78
0.92
0.92
0.92
0.85
0.85
0.85
0.79
0.79
0.79
0.91
0.91
0.91
0.84
0.84
0.84
0.78
0.78
0.78
0.92
0.92
0.92
0.84
0.84
0.84
0.78
0.78
0.78
0.92
0.92
0.92
0.85
0.85
0.85
0.79
0.79
0.79
0.91
0.91
0.91
0.84
0.84
0.84
0.78
0.78
0.78
0.92
0.92
0.92
0.84
0.84
0.84
0.78
0.78
0.78
0.92
0.92
0.92
0.85
0.85
0.85
0.79
0.79
0.79
1.11
1.35
1.41
0.90
0.90
0.90
0.84
0.84
0.84
1.13
1.38
1.44
0.91
0.91
0.91
0.85
0.85
0.85
1.13
1.38
1.44
0.92
0.92
0.92
0.85
0.85
0.85
0.98
0.98
0.98
0.90
0.90
0.90
0.84
0.84
0.84
0.99
0.99
0.99
0.91
0.91
0.91
0.85
0.85
0.85
0.99
0.99
0.99
0.92
0.92
0.92
0.85
0.85
0.85
0.98
0.98
0.98
0.90
0.90
0.90
0.84
0.84
0.84
0.99
0.99
0.99
0.91
0.91
0.91
0.85
0.85
0.85
0.99
0.99
0.99
0.92
0.92
0.92
0.85
0.85
0.85
0.84
0.84
0.84
0.77
0.77
0.77
0.71
0.71
0.71
0.84
0.84
0.84
0.78
0.78
0.78
0.72
0.72
0.72
0.85
0.85
0.85
0.78
0.78
0.78
0.72
0.72
0.72
0.84
0.84
0.84
0.77
0.77
0.77
0.71
0.71
0.71
0.84
0.84
0.84
0.78
0.78
0.78
0.72
0.72
0.72
0.85
0.85
0.85
0.78
0.78
0.78
0.72
0.72
0.72
0.84
0.84
0.84
0.77
0.77
0.77
0.71
0.71
0.71
0.84
0.84
0.84
0.78
0.78
0.78
0.72
0.72
0.72
0.85
0.85
0.85
0.78
0.78
0.78
0.72
0.72
0.72
0.91
0.91
0.91
0.84
0.84
0.84
0.78
0.78
0.78
0.92
0.92
0.92
0.84
0.84
0.84
0.78
0.78
0.78
0.92
0.92
0.92
0.85
0.85
0.85
0.79
0.79
0.79
0.91
0.91
0.91
0.84
0.84
0.84
0.78
0.78
0.78
0.92
0.92
0.92
0.84
0.84
0.84
0.78
0.78
0.78
0.92
0.92
0.92
0.85
0.85
0.85
0.79
0.79
0.79
0.91
0.91
0.91
0.84
0.84
0.84
0.78
0.78
0.78
0.92
0.92
0.92
0.84
0.84
0.84
0.78
0.78
0.78
0.92
0.92
0.92
0.85
0.85
0.85
0.79
0.79
0.79
1.11
1.35
1.41
0.90
0.90
0.90
0.84
0.84
0.84
1.13
1.38
1.44
0.91
0.91
0.91
0.85
0.85
0.85
1.13
1.38
1.44
0.92
0.92
0.92
0.85
0.85
0.85
0.98
0.98
0.98
0.90
0.90
0.90
0.84
0.84
0.84
0.99
0.99
0.99
0.91
0.91
0.91
0.85
0.85
0.85
0.99
0.99
0.99
0.92
0.92
0.92
0.85
0.85
0.85
0.98
0.98
0.98
0.90
0.90
0.90
0.84
0.84
0.84
0.99
0.99
0.99
0.91
0.91
0.91
0.85
0.85
0.85
0.99
0.99
0.99
0.92
0.92
0.92
0.85
0.85
0.85
