0.62
0.62
0.62
0.57
0.57
0.57
0.53
0.53
0.53
0.62
0.62
0.62
0.58
0.58
0.58
0.53
0.53
0.53
0.62
0.62
0.62
0.58
0.58
0.58
0.53
0.53
0.53
0.62
0.62
0.62
0.57
0.57
0.57
0.53
0.53
0.53
0.62
0.62
0.62
0.58
0.58
0.58
0.53
0.53
0.53
0.62
0.62
0.62
0.58
0.58
0.58
0.53
0.53
0.53
0.62
0.62
0.62
0.57
0.57
0.57
0.53
0.53
0.53
0.62
0.62
0.62
0.58
0.58
0.58
0.53
0.53
0.53
0.62
0.62
0.62
0.58
0.58
0.58
0.53
0.53
0.53
0.68
0.68
0.68
0.63
0.63
0.63
0.58
0.58
0.58
0.68
0.68
0.68
0.64
0.64
0.64
0.58
0.58
0.58
0.69
0.69
0.69
0.64
0.64
0.64
0.59
0.59
0.59
0.68
0.68
0.68
0.63
0.63
0.63
0.58
0.58
0.58
0.68
0.68
0.68
0.64
0.64
0.64
0.58
0.58
0.58
0.69
0.69
0.69
0.64
0.64
0.64
0.59
0.59
0.59
0.68
0.68
0.68
0.63
0.63
0.63
0.58
0.58
0.58
0.68
0.68
0.68
0.64
0.64
0.64
0.58
0.58
0.58
0.69
0.69
0.69
0.64
0.64
0.64
0.59
0.59
0.59
0.74
0.74
0.74
0.69
0.69
0.69
0.63
0.63
0.63
0.74
0.74
0.74
0.69
0.69
0.69
0.64
0.64
0.64
0.75
0.75
0.75
0.70
0.70
0.70
0.64
0.64
0.64
0.74
0.74
0.74
0.69
0.69
0.69
0.63
0.63
0.63
0.74
0.74
0.74
0.69
0.69
0.69
0.64
0.64
0.64
0.75
0.75
0.75
0.70
0.70
0.70
0.64
0.64
0.64
0.74
0.74
0.74
0.69
0.69
0.69
0.63
0.63
0.63
0.74
0.74
0.74
0.69
0.69
0.69
0.64
0.64
0.64
0.75
0.75
0.75
0.70
0.70
0.70
0.64
0.64
0.64
0.62
0.62
0.62
0.57
0.57
0.57
0.53
0.53
0.53
0.62
0.62
0.62
0.58
0.58
0.58
0.53
0.53
0.53
0.62
0.62
0.62
0.58
0.58
0.58
0.53
0.53
0.53
0.62
0.62
0.62
0.57
0.57
0.57
0.53
0.53
0.53
0.62
0.62
0.62
0.58
0.58
0.58
0.53
0.53
0.53
0.62
0.62
0.62
0.58
0.58
0.58
0.53
0.53
0.53
0.62
0.62
0.62
0.57
0.57
0.57
0.53
0.53
0.53
0.62
0.62
0.62
0.58
0.58
0.58
0.53
0.53
0.53
0.62
0.62
0.62
0.58
0.58
0.58
0.53
0.53
0.53
0.68
0.68
0.68
0.63
0.63
0.63
0.58
0.58
0.58
0.68
0.68
0.68
0.64
0.64
0.64
0.58
0.58
0.58
0.69
0.69
0.69
0.64
0.64
0.64
0.59
0.59
0.59
0.68
0.68
0.68
0.63
0.63
0.63
0.58
0.58
0.58
0.68
0.68
0.68
0.64
0.64
0.64
0.58
0.58
0.58
0.69
0.69
0.69
0.64
0.64
0.64
0.59
0.59
0.59
0.68
0.68
0.68
0.63
0.63
0.63
0.58
0.58
0.58
0.68
0.68
0.68
0.64
0.64
0.64
0.58
0.58
0.58
0.69
0.69
0.69
0.64
0.64
0.64
0.59
0.59
0.59
0.74
0.74
0.74
0.69
0.69
0.69
0.63
0.63
0.63
0.74
0.74
0.74
0.69
0.69
0.69
0.64
0.64
0.64
0.75
0.75
0.75
0.70
0.70
0.70
0.64
0.64
0.64
0.74
0.74
0.74
0.69
0.69
0.69
0.63
0.63
0.63
0.74
0.74
0.74
0.69
0.69
0.69
0.64
0.64
0.64
0.75
0.75
0.75
0.70
0.70
0.70
0.64
0.64
0.64
0.74
0.74
0.74
0.69
0.69
0.69
0.63
0.63
0.63
0.74
0.74
0.74
0.69
0.69
0.69
0.64
0.64
0.64
0.75
0.75
0.75
0.70
0.70
0.70
0.64
0.64
0.64
0.60
0.60
0.60
0.56
0.56
0.56
0.52
0.52
0.52
0.61
0.61
0.61
0.57
0.57
0.57
0.52
0.52
0.52
0.61
0.61
0.61
0.57
0.57
0.57
0.52
0.52
0.52
0.60
0.60
0.60
0.56
0.56
0.56
0.52
0.52
0.52
0.61
0.61
0.61
0.57
0.57
0.57
0.52
0.52
0.52
0.61
0.61
0.61
0.57
0.57
0.57
0.52
0.52
0.52
0.60
0.60
0.60
0.56
0.56
0.56
0.52
0.52
0.52
0.61
0.61
0.61
0.57
0.57
0.57
0.52
0.52
0.52
0.61
0.61
0.61
0.57
0.57
0.57
0.52
0.52
0.52
0.66
0.66
0.66
0.62
0.62
0.62
0.57
0.57
0.57
0.67
0.67
0.67
0.62
0.62
0.62
0.57
0.57
0.57
0.67
0.67
0.67
0.62
0.62
0.62
0.57
0.57
0.57
0.66
0.66
0.66
0.62
0.62
0.62
0.57
0.57
0.57
0.67
0.67
0.67
0.62
0.62
0.62
0.57
0.57
0.57
0.67
0.67
0.67
0.62
0.62
0.62
0.57
0.57
0.57
0.66
0.66
0.66
0.62
0.62
0.62
0.57
0.57
0.57
0.67
0.67
0.67
0.62
0.62
0.62
0.57
0.57
0.57
0.67
0.67
0.67
0.62
0.62
0.62
0.57
0.57
0.57
0.72
0.72
0.72
0.67
0.67
0.67
0.62
0.62
0.62
0.73
0.73
0.73
0.68
0.68
0.68
0.62
0.62
0.62
0.73
0.73
0.73
0.68
0.68
0.68
0.63
0.63
0.63
0.72
0.72
0.72
0.67
0.67
0.67
0.62
0.62
0.62
0.73
0.73
0.73
0.68
0.68
0.68
0.62
0.62
0.62
0.73
0.73
0.73
0.68
0.68
0.68
0.63
0.63
0.63
0.72
0.72
0.72
0.67
0.67
0.67
0.62
0.62
0.62
0.73
0.73
0.73
0.68
0.68
0.68
0.62
0.62
0.62
0.73
0.73
0.73
0.68
0.68
0.68
0.63
0.63
0.63
