1.00
-1.00
-1.00
0.53
0.53
0.53
0.49
0.49
0.49
1.02
-1.00
-1.00
0.53
0.53
0.53
0.49
0.49
0.49
1.02
-1.00
-1.00
0.53
0.53
0.53
0.49
0.49
0.49
0.77
1.00
1.00
0.53
0.53
0.53
0.49
0.49
0.49
0.79
1.02
1.02
0.53
0.53
0.53
0.49
0.49
0.49
0.79
1.02
1.02
0.53
0.53
0.53
0.49
0.49
0.49
0.77
1.00
1.00
0.53
0.53
0.53
0.49
0.49
0.49
0.79
1.02
1.02
0.53
0.53
0.53
0.49
0.49
0.49
0.79
1.02
1.02
0.53
0.53
0.53
0.49
0.49
0.49
-1.00
-1.00
-1.00
1.00
-1.00
-1.00
0.54
0.54
0.57
-1.00
-1.00
-1.00
1.02
-1.00
-1.00
0.54
0.54
0.57
-1.00
-1.00
-1.00
1.02
-1.00
-1.00
0.54
0.54
0.57
-1.00
-1.00
-1.00
0.82
1.00
1.00
0.54
0.54
0.54
-1.00
-1.00
-1.00
0.84
1.02
1.02
0.54
0.54
0.54
-1.00
-1.00
-1.00
0.84
1.02
1.02
0.54
0.54
0.54
-1.00
-1.00
-1.00
0.82
1.00
1.00
0.54
0.54
0.54
-1.00
-1.00
-1.00
0.84
1.02
1.02
0.54
0.54
0.54
-1.00
-1.00
-1.00
0.84
1.02
1.02
0.54
0.54
0.54
-1.00
-1.00
-1.00
-1.00
-1.00
-1.00
1.00
-1.00
-1.00
-1.00
-1.00
-1.00
-1.00
-1.00
-1.00
1.02
-1.00
-1.00
-1.00
-1.00
-1.00
-1.00
-1.00
-1.00
1.02
-1.00
-1.00
-1.00
-1.00
-1.00
-1.00
-1.00
-1.00
0.85
1.00
1.00
-1.00
-1.00
-1.00
-1.00
-1.00
-1.00
0.87
1.02
1.02
-1.00
-1.00
-1.00
-1.00
-1.00
-1.00
0.87
1.02
1.02
-1.00
-1.00
-1.00
-1.00
-1.00
-1.00
0.85
1.00
1.00
-1.00
-1.00
-1.00
-1.00
-1.00
-1.00
0.87
1.02
1.02
-1.00
-1.00
-1.00
-1.00
-1.00
-1.00
0.87
1.02
1.02
0.98
-1.00
-1.00
0.52
0.52
0.52
0.48
0.48
0.48
1.00
-1.00
-1.00
0.52
0.52
0.52
0.48
0.48
0.48
1.00
-1.00
-1.00
0.52
0.52
0.52
0.48
0.48
0.48
0.76
0.98
0.98
0.52
0.52
0.52
0.48
0.48
0.48
0.77
1.00
1.00
0.52
0.52
0.52
0.48
0.48
0.48
0.77
1.00
1.00
0.52
0.52
0.52
0.48
0.48
0.48
0.76
0.98
0.98
0.52
0.52
0.52
0.48
0.48
0.48
0.77
1.00
1.00
0.52
0.52
0.52
0.48
0.48
0.48
0.77
1.00
1.00
0.52
0.52
0.52
0.48
0.48
0.48
-1.00
-1.00
-1.00
0.98
-1.00
-1.00
0.53
0.53
0.55
-1.00
-1.00
-1.00
1.00
-1.00
-1.00
0.53
0.53
0.56
-1.00
-1.00
-1.00
1.00
-1.00
-1.00
0.53
0.53
0.56
-1.00
-1.00
-1.00
0.81
0.98
0.98
0.53
0.53
0.53
-1.00
-1.00
-1.00
0.82
1.00
1.00
0.53
0.53
0.53
-1.00
-1.00
-1.00
0.82
1.00
1.00
0.53
0.53
0.53
-1.00
-1.00
-1.00
0.81
0.98
0.98
0.53
0.53
0.53
-1.00
-1.00
-1.00
0.82
1.00
1.00
0.53
0.53
0.53
-1.00
-1.00
-1.00
0.82
1.00
1.00
0.53
0.53
0.53
-1.00
-1.00
-1.00
-1.00
-1.00
-1.00
0.98
-1.00
-1.00
-1.00
-1.00
-1.00
-1.00
-1.00
-1.00
1.00
-1.00
-1.00
-1.00
-1.00
-1.00
-1.00
-1.00
-1.00
1.00
-1.00
-1.00
-1.00
-1.00
-1.00
-1.00
-1.00
-1.00
0.83
0.98
0.98
-1.00
-1.00
-1.00
-1.00
-1.00
-1.00
0.85
1.00
1.00
-1.00
-1.00
-1.00
-1.00
-1.00
-1.00
0.85
1.00
1.00
-1.00
-1.00
-1.00
-1.00
-1.00
-1.00
0.83
0.98
0.98
-1.00
-1.00
-1.00
-1.00
-1.00
-1.00
0.85
1.00
1.00
-1.00
-1.00
-1.00
-1.00
-1.00
-1.00
0.85
1.00
1.00
0.98
-1.00
-1.00
0.52
0.52
0.52
0.48
0.48
0.48
1.00
-1.00
-1.00
0.52
0.52
0.52
0.48
0.48
0.48
1.00
-1.00
-1.00
0.52
0.52
0.52
0.48
0.48
0.48
0.76
0.98
0.98
0.52
0.52
0.52
0.48
0.48
0.48
0.77
1.00
1.00
0.52
0.52
0.52
0.48
0.48
0.48
0.77
1.00
1.00
0.52
0.52
0.52
0.48
0.48
0.48
0.76
0.98
0.98
0.52
0.52
0.52
0.48
0.48
0.48
0.77
1.00
1.00
0.52
0.52
0.52
0.48
0.48
0.48
0.77
1.00
1.00
0.52
0.52
0.52
0.48
0.48
0.48
-1.00
-1.00
-1.00
0.98
-1.00
-1.00
0.53
0.53
0.55
-1.00
-1.00
-1.00
1.00
-1.00
-1.00
0.53
0.53
0.56
-1.00
-1.00
-1.00
1.00
-1.00
-1.00
0.53
0.53
0.56
-1.00
-1.00
-1.00
0.81
0.98
0.98
0.53
0.53
0.53
-1.00
-1.00
-1.00
0.82
1.00
1.00
0.53
0.53
0.53
-1.00
-1.00
-1.00
0.82
1.00
1.00
0.53
0.53
0.53
-1.00
-1.00
-1.00
0.81
0.98
0.98
0.53
0.53
0.53
-1.00
-1.00
-1.00
0.82
1.00
1.00
0.53
0.53
0.53
-1.00
-1.00
-1.00
0.82
1.00
1.00
0.53
0.53
0.53
-1.00
-1.00
-1.00
-1.00
-1.00
-1.00
0.98
-1.00
-1.00
-1.00
-1.00
-1.00
-1.00
-1.00
-1.00
1.00
-1.00
-1.00
-1.00
-1.00
-1.00
-1.00
-1.00
-1.00
1.00
-1.00
-1.00
-1.00
-1.00
-1.00
-1.00
-1.00
-1.00
0.83
0.98
0.98
-1.00
-1.00
-1.00
-1.00
-1.00
-1.00
0.85
1.00
1.00
-1.00
-1.00
-1.00
-1.00
-1.00
-1.00
0.85
1.00
1.00
-1.00
-1.00
-1.00
-1.00
-1.00
-1.00
0.83
0.98
0.98
-1.00
-1.00
-1.00
-1.00
-1.00
-1.00
0.85
1.00
1.00
-1.00
-1.00
-1.00
-1.00
-1.00
-1.00
0.85
1.00
1.00
