1.00
1.02
1.05
0.99
0.99
0.99
0.99
0.99
0.99
1.01
1.03
1.06
1.00
1.00
1.00
0.99
0.99
0.99
1.01
1.03
1.06
1.01
1.01
1.01
1.00
1.00
1.00
1.00
1.00
1.02
0.99
0.99
0.99
0.99
0.99
0.99
1.01
1.01
1.03
1.00
1.00
1.00
0.99
0.99
0.99
1.01
1.01
1.04
1.01
1.01
1.01
1.00
1.00
1.00
1.00
1.00
1.00
0.99
0.99
0.99
0.99
0.99
0.99
1.01
1.01
1.01
1.00
1.00
1.00
0.99
0.99
0.99
1.01
1.01
1.01
1.01
1.01
1.01
1.00
1.00
1.00
1.05
1.08
1.11
1.00
1.02
1.04
0.99
0.99
0.99
1.06
1.09
1.12
1.01
1.02
1.04
1.00
1.00
1.00
1.07
1.09
1.13
1.01
1.03
1.05
1.00
1.00
1.00
1.03
1.06
1.09
1.00
1.00
1.02
0.99
0.99
0.99
1.04
1.06
1.09
1.01
1.01
1.02
1.00
1.00
1.00
1.04
1.07
1.10
1.01
1.01
1.03
1.00
1.00
1.00
1.02
1.04
1.06
1.00
1.00
1.00
0.99
0.99
0.99
1.03
1.04
1.07
1.01
1.01
1.01
1.00
1.00
1.00
1.03
1.05
1.07
1.01
1.01
1.01
1.00
1.00
1.00
1.11
1.14
1.21
1.04
1.06
1.09
1.00
1.01
1.03
1.12
1.15
1.22
1.05
1.07
1.09
1.01
1.02
1.04
1.12
1.15
1.23
1.06
1.08
1.10
1.01
1.03
1.04
1.09
1.12
1.16
1.03
1.05
1.07
1.00
1.00
1.02
1.09
1.12
1.17
1.03
1.05
1.07
1.01
1.01
1.02
1.10
1.13
1.18
1.04
1.06
1.08
1.01
1.01
1.03
1.07
1.09
1.12
1.02
1.03
1.05
1.00
1.00
1.00
1.07
1.10
1.13
1.02
1.03
1.05
1.01
1.01
1.01
1.08
1.11
1.14
1.03
1.04
1.06
1.01
1.01
1.01
0.99
1.02
1.04
0.99
0.99
0.99
0.98
0.98
0.98
1.00
1.02
1.05
1.00
1.00
1.00
0.99
0.99
0.99
1.01
1.03
1.06
1.00
1.00
1.00
0.99
0.99
0.99
0.99
0.99
1.02
0.99
0.99
0.99
0.98
0.98
0.98
1.00
1.00
1.02
1.00
1.00
1.00
0.99
0.99
0.99
1.01
1.01
1.03
1.00
1.00
1.00
0.99
0.99
0.99
0.99
0.99
0.99
0.99
0.99
0.99
0.98
0.98
0.98
1.00
1.00
1.00
1.00
1.00
1.00
0.99
0.99
0.99
1.01
1.01
1.01
1.00
1.00
1.00
0.99
0.99
0.99
1.05
1.07
1.10
0.99
1.01
1.03
0.99
0.99
0.99
1.05
1.08
1.11
1.00
1.02
1.04
0.99
0.99
0.99
1.06
1.09
1.12
1.01
1.02
1.04
1.00
1.00
1.00
1.03
1.05
1.08
0.99
0.99
1.01
0.99
0.99
0.99
1.03
1.06
1.09
1.00
1.00
1.02
0.99
0.99
0.99
1.04
1.06
1.09
1.01
1.01
1.02
1.00
1.00
1.00
1.02
1.03
1.06
0.99
0.99
0.99
0.99
0.99
0.99
1.02
1.04
1.06
1.00
1.00
1.00
0.99
0.99
0.99
1.03
1.04
1.07
1.01
1.01
1.01
1.00
1.00
1.00
1.10
1.13
1.21
1.04
1.06
1.08
0.99
1.01
1.02
1.11
1.14
1.21
1.04
1.06
1.09
1.00
1.01
1.03
1.12
1.15
1.22
1.05
1.07
1.09
1.01
1.02
1.04
1.08
1.11
1.15
1.02
1.04
1.06
0.99
0.99
1.01
1.09
1.12
1.16
1.03
1.05
1.07
1.00
1.00
1.02
1.10
1.12
1.17
1.03
1.05
1.07
1.01
1.01
1.02
1.06
1.09
1.12
1.01
1.02
1.04
0.99
0.99
0.99
1.07
1.09
1.13
1.02
1.03
1.05
1.00
1.00
1.00
1.07
1.10
1.13
1.02
1.03
1.05
1.01
1.01
1.01
0.99
1.01
1.04
0.98
0.98
0.98
0.98
0.98
0.98
0.99
1.02
1.04
0.99
0.99
0.99
0.98
0.98
0.98
1.00
1.02
1.05
1.00
1.00
1.00
0.99
0.99
0.99
0.99
0.99
1.01
0.98
0.98
0.98
0.98
0.98
0.98
0.99
0.99
1.02
0.99
0.99
0.99
0.98
0.98
0.98
1.00
1.00
1.03
1.00
1.00
1.00
0.99
0.99
0.99
0.99
0.99
0.99
0.98
0.98
0.98
0.98
0.98
0.98
0.99
0.99
0.99
0.99
0.99
0.99
0.98
0.98
0.98
1.00
1.00
1.00
1.00
1.00
1.00
0.99
0.99
0.99
1.04
1.07
1.10
0.99
1.01
1.03
0.98
0.98
0.98
1.05
1.08
1.11
0.99
1.01
1.03
0.99
0.99
0.99
1.06
1.08
1.11
1.00
1.02
1.04
0.99
0.99
0.99
1.02
1.05
1.08
0.99
0.99
1.01
0.98
0.98
0.98
1.03
1.05
1.08
0.99
0.99
1.01
0.99
0.99
0.99
1.03
1.06
1.09
1.00
1.00
1.02
0.99
0.99
0.99
1.01
1.02
1.05
0.99
0.99
0.99
0.98
0.98
0.98
1.02
1.03
1.06
0.99
0.99
0.99
0.99
0.99
0.99
1.02
1.04
1.06
1.00
1.00
1.00
0.99
0.99
0.99
1.10
1.13
1.20
1.03
1.05
1.07
0.99
1.00
1.02
1.10
1.13
1.21
1.04
1.06
1.08
0.99
1.01
1.03
1.11
1.14
1.22
1.04
1.07
1.09
1.00
1.01
1.03
1.08
1.10
1.15
1.02
1.03
1.06
0.99
0.99
1.00
1.08
1.11
1.15
1.02
1.04
1.06
0.99
0.99
1.01
1.09
1.12
1.16
1.03
1.05
1.07
1.00
1.00
1.02
1.06
1.08
1.11
1.01
1.02
1.04
0.99
0.99
0.99
1.06
1.09
1.12
1.01
1.02
1.04
0.99
0.99
0.99
1.07
1.10
1.13
1.02
1.03
1.05
1.00
1.00
1.00
