1.00
0.00
0.00
0.96
0.00
0.00
0.53
0.53
0.00
1.01
0.00
0.00
0.97
0.00
0.00
0.54
0.54
0.00
1.01
0.00
0.00
0.98
0.00
0.00
0.54
0.54
0.00
0.97
1.00
0.00
0.85
0.97
0.00
0.53
0.53
0.53
0.97
1.01
0.00
0.86
0.98
0.00
0.54
0.54
0.54
0.98
1.01
0.00
0.86
0.98
0.00
0.54
0.54
0.54
0.93
0.97
1.00
0.74
0.88
0.97
0.53
0.53
0.53
0.94
0.98
1.01
0.74
0.89
0.98
0.54
0.54
0.54
0.94
0.98
1.01
0.75
0.89
0.99
0.54
0.54
0.54
0.00
0.00
0.00
1.00
0.00
0.00
0.54
0.54
0.00
0.00
0.00
0.00
1.01
0.00
0.00
0.54
0.54
0.00
0.00
0.00
0.00
1.01
0.00
0.00
0.54
0.54
0.00
1.00
0.00
0.00
0.89
1.00
0.00
0.54
0.54
0.54
1.00
0.00
0.00
0.89
1.01
0.00
0.54
0.54
0.54
1.01
0.00
0.00
0.90
1.01
0.00
0.54
0.54
0.55
0.95
1.00
0.00
0.77
0.91
1.00
0.54
0.54
0.54
0.95
1.01
0.00
0.78
0.92
1.01
0.54
0.54
0.54
0.96
1.01
0.00
0.79
0.92
1.01
0.54
0.54
0.54
0.00
0.00
0.00
0.00
0.00
0.00
0.54
0.54
0.00
0.00
0.00
0.00
0.00
0.00
0.00
0.54
0.54
0.00
0.00
0.00
0.00
0.00
0.00
0.00
0.55
0.55
0.00
0.00
0.00
0.00
0.92
0.00
0.00
0.54
0.54
0.00
0.00
0.00
0.00
0.93
0.00
0.00
0.54
0.54
0.00
0.00
0.00
0.00
0.94
0.00
0.00
0.55
0.55
0.00
1.00
0.00
0.00
0.81
0.94
0.00
0.54
0.54
0.54
1.00
0.00
0.00
0.82
0.95
0.00
0.54
0.54
0.54
1.01
0.00
0.00
0.82
0.95
0.00
0.55
0.55
0.55
0.99
0.00
0.00
0.96
0.00
0.00
0.53
0.53
0.00
1.00
0.00
0.00
0.96
0.00
0.00
0.54
0.54
0.00
1.01
0.00
0.00
0.97
0.00
0.00
0.54
0.54
0.00
0.96
0.99
0.00
0.85
0.96
0.00
0.53
0.53
0.53
0.97
1.00
0.00
0.85
0.97
0.00
0.54
0.54
0.54
0.97
1.01
0.00
0.86
0.98
0.00
0.54
0.54
0.54
0.93
0.96
0.99
0.73
0.88
0.97
0.53
0.53
0.53
0.93
0.97
1.00
0.74
0.88
0.97
0.54
0.54
0.54
0.94
0.98
1.01
0.74
0.89
0.98
0.54
0.54
0.54
0.00
0.00
0.00
0.99
0.00
0.00
0.53
0.53
0.00
0.00
0.00
0.00
1.00
0.00
0.00
0.54
0.54
0.00
0.00
0.00
0.00
1.01
0.00
0.00
0.54
0.54
0.00
0.99
0.00
0.00
0.88
0.99
0.00
0.53
0.53
0.53
1.00
0.00
0.00
0.89
1.00
0.00
0.54
0.54
0.54
1.00
0.00
0.00
0.89
1.01
0.00
0.54
0.54
0.54
0.94
1.00
0.00
0.77
0.91
0.99
0.53
0.53
0.53
0.95
1.00
0.00
0.78
0.91
1.00
0.54
0.54
0.54
0.95
1.01
0.00
0.78
0.92
1.01
0.54
0.54
0.54
0.00
0.00
0.00
0.00
0.00
0.00
0.54
0.54
0.00
0.00
0.00
0.00
0.00
0.00
0.00
0.54
0.54
0.00
0.00
0.00
0.00
0.00
0.00
0.00
0.54
0.54
0.00
0.00
0.00
0.00
0.92
0.00
0.00
0.54
0.54
0.00
0.00
0.00
0.00
0.92
0.00
0.00
0.54
0.54
0.00
0.00
0.00
0.00
0.93
0.00
0.00
0.54
0.54
0.00
0.99
0.00
0.00
0.81
0.93
0.00
0.54
0.54
0.54
1.00
0.00
0.00
0.81
0.94
0.00
0.54
0.54
0.54
1.00
0.00
0.00
0.82
0.95
0.00
0.54
0.54
0.54
0.99
0.00
0.00
0.95
0.00
0.00
0.53
0.53
0.00
0.99
0.00
0.00
0.96
0.00
0.00
0.53
0.53
0.00
1.00
0.00
0.00
0.96
0.00
0.00
0.54
0.54
0.00
0.96
0.99
0.00
0.84
0.96
0.00
0.53
0.53
0.53
0.96
0.99
0.00
0.85
0.96
0.00
0.53
0.53
0.53
0.97
1.00
0.00
0.85
0.97
0.00
0.54
0.54
0.54
0.92
0.96
0.99
0.73
0.87
0.96
0.53
0.53
0.53
0.93
0.96
0.99
0.73
0.88
0.97
0.53
0.53
0.53
0.93
0.97
1.00
0.74
0.88
0.97
0.54
0.54
0.54
0.00
0.00
0.00
0.99
0.00
0.00
0.53
0.53
0.00
0.00
0.00
0.00
0.99
0.00
0.00
0.53
0.53
0.00
0.00
0.00
0.00
1.00
0.00
0.00
0.54
0.54
0.00
0.99
0.00
0.00
0.88
0.99
0.00
0.53
0.53
0.53
0.99
0.00
0.00
0.88
0.99
0.00
0.53
0.53
0.54
1.00
0.00
0.00
0.89
1.00
0.00
0.54
0.54
0.54
0.94
0.99
0.00
0.77
0.90
0.99
0.53
0.53
0.53
0.94
1.00
0.00
0.77
0.91
0.99
0.53
0.53
0.53
0.95
1.00
0.00
0.78
0.91
1.00
0.54
0.54
0.54
0.00
0.00
0.00
0.00
0.00
0.00
0.53
0.53
0.00
0.00
0.00
0.00
0.00
0.00
0.00
0.54
0.54
0.00
0.00
0.00
0.00
0.00
0.00
0.00
0.54
0.54
0.00
0.00
0.00
0.00
0.91
0.00
0.00
0.53
0.53
0.00
0.00
0.00
0.00
0.92
0.00
0.00
0.54
0.54
0.00
0.00
0.00
0.00
0.92
0.00
0.00
0.54
0.54
0.00
0.99
0.00
0.00
0.80
0.93
0.00
0.53
0.53
0.53
0.99
0.00
0.00
0.81
0.93
0.00
0.54
0.54
0.54
1.00
0.00
0.00
0.81
0.94
0.00
0.54
0.54
0.54
