1.00
1.06
1.12
0.99
0.99
0.99
0.97
0.97
0.97
1.01
1.07
1.13
1.00
1.00
1.00
0.98
0.98
0.98
1.02
1.08
1.14
1.01
1.01
1.01
0.99
0.99
0.99
1.00
1.00
1.06
0.99
0.99
0.99
0.97
0.97
0.97
1.01
1.01
1.07
1.00
1.00
1.00
0.98
0.98
0.98
1.02
1.02
1.08
1.01
1.01
1.01
0.99
0.99
0.99
1.00
1.00
1.00
0.99
0.99
0.99
0.97
0.97
0.97
1.01
1.01
1.01
1.00
1.00
1.00
0.98
0.98
0.98
1.02
1.02
1.02
1.01
1.01
1.01
0.99
0.99
0.99
1.12
1.21
1.27
1.00
1.03
1.08
0.98
0.98
0.98
1.13
1.22
1.28
1.01
1.05
1.09
0.99
0.99
1.00
1.14
1.24
1.30
1.02
1.06
1.11
1.01
1.01
1.01
1.08
1.15
1.21
1.00
1.00
1.04
0.98
0.98
0.98
1.09
1.16
1.23
1.01
1.01
1.05
0.99
0.99
0.99
1.10
1.18
1.24
1.02
1.02
1.06
1.01
1.01
1.01
1.05
1.09
1.15
1.00
1.00
1.00
0.98
0.98
0.98
1.06
1.10
1.17
1.01
1.01
1.01
0.99
0.99
0.99
1.07
1.12
1.18
1.02
1.02
1.02
1.01
1.01
1.01
1.26
1.36
0.00
1.08
1.12
0.00
1.00
1.02
1.05
1.28
1.37
0.00
1.09
1.14
0.00
1.01
1.04
1.07
1.30
1.39
0.00
1.11
1.16
0.00
1.02
1.05
1.08
1.19
1.30
1.36
1.05
1.09
1.22
1.00
1.00
1.03
1.21
1.31
1.38
1.06
1.10
1.24
1.01
1.01
1.04
1.22
1.33
1.40
1.08
1.12
1.25
1.02
1.02
1.05
1.15
1.24
1.30
1.04
1.06
1.10
1.00
1.00
1.00
1.16
1.26
1.32
1.05
1.07
1.11
1.01
1.01
1.01
1.18
1.27
1.34
1.06
1.08
1.13
1.02
1.02
1.02
0.99
1.05
1.10
0.98
0.98
0.98
0.96
0.96
0.96
1.00
1.06
1.12
0.99
0.99
0.99
0.97
0.97
0.97
1.01
1.07
1.13
1.00
1.00
1.00
0.98
0.98
0.98
0.99
0.99
1.05
0.98
0.98
0.98
0.96
0.96
0.96
1.00
1.00
1.06
0.99
0.99
0.99
0.97
0.97
0.97
1.01
1.01
1.07
1.00
1.00
1.00
0.98
0.98
0.98
0.99
0.99
0.99
0.98
0.98
0.98
0.96
0.96
0.96
1.00
1.00
1.00
0.99
0.99
0.99
0.97
0.97
0.97
1.01
1.01
1.01
1.00
1.00
1.00
0.98
0.98
0.98
1.11
1.19
1.26
0.99
1.02
1.07
0.97
0.97
0.97
1.12
1.21
1.27
1.00
1.04
1.08
0.98
0.98
0.99
1.13
1.22
1.29
1.01
1.05
1.10
1.00
1.00
1.00
1.06
1.14
1.20
0.99
0.99
1.03
0.97
0.97
0.97
1.08
1.15
1.21
1.00
1.00
1.04
0.98
0.98
0.98
1.09
1.16
1.23
1.01
1.01
1.05
1.00
1.00
1.00
1.04
1.08
1.14
0.99
0.99
0.99
0.97
0.97
0.97
1.05
1.09
1.15
1.00
1.00
1.00
0.98
0.98
0.98
1.06
1.10
1.17
1.01
1.01
1.01
1.00
1.00
1.00
1.25
1.34
0.00
1.07
1.11
0.00
0.99
1.01
1.04
1.27
1.36
0.00
1.08
1.13
0.00
1.00
1.02
1.05
1.28
1.38
0.00
1.10
1.14
0.00
1.01
1.04
1.07
1.18
1.28
1.35
1.04
1.08
1.21
0.99
0.99
1.02
1.20
1.30
1.37
1.05
1.09
1.22
1.00
1.00
1.03
1.21
1.32
1.38
1.06
1.11
1.24
1.01
1.01
1.04
1.14
1.23
1.29
1.03
1.04
1.09
0.99
0.99
0.99
1.15
1.24
1.31
1.04
1.06
1.10
1.00
1.00
1.00
1.16
1.26
1.32
1.05
1.07
1.12
1.01
1.01
1.01
0.98
1.04
1.09
0.97
0.97
0.97
0.95
0.95
0.95
0.99
1.05
1.11
0.98
0.98
0.98
0.96
0.96
0.96
1.00
1.06
1.12
0.99
0.99
0.99
0.97
0.97
0.97
0.98
0.98
1.04
0.97
0.97
0.97
0.95
0.95
0.95
0.99
0.99
1.05
0.98
0.98
0.98
0.96
0.96
0.96
1.00
1.00
1.06
0.99
0.99
0.99
0.97
0.97
0.97
0.98
0.98
0.98
0.97
0.97
0.97
0.95
0.95
0.95
0.99
0.99
0.99
0.98
0.98
0.98
0.96
0.96
0.96
1.00
1.00
1.00
0.99
0.99
0.99
0.97
0.97
0.97
1.10
1.18
1.24
0.98
1.01
1.06
0.96
0.96
0.96
1.11
1.20
1.26
0.99
1.03
1.07
0.97
0.97
0.97
1.12
1.21
1.27
1.00
1.04
1.09
0.99
0.99
0.99
1.05
1.13
1.19
0.98
0.98
1.02
0.96
0.96
0.96
1.06
1.14
1.20
0.99
0.99
1.03
0.97
0.97
0.97
1.08
1.15
1.21
1.00
1.00
1.04
0.99
0.99
0.99
1.03
1.07
1.13
0.98
0.98
0.98
0.96
0.96
0.96
1.04
1.08
1.14
0.99
0.99
0.99
0.97
0.97
0.97
1.05
1.09
1.15
1.00
1.00
1.00
0.99
0.99
0.99
1.24
1.33
0.00
1.06
1.10
0.00
0.98
1.00
1.03
1.25
1.35
0.00
1.07
1.12
0.00
0.99
1.01
1.04
1.27
1.36
0.00
1.09
1.13
0.00
1.00
1.03
1.06
1.17
1.27
1.33
1.03
1.07
1.19
0.98
0.98
1.00
1.18
1.29
1.35
1.04
1.08
1.21
0.99
0.99
1.02
1.20
1.30
1.37
1.05
1.09
1.23
1.00
1.00
1.03
1.13
1.22
1.28
1.02
1.03
1.08
0.98
0.98
0.98
1.14
1.23
1.29
1.03
1.05
1.09
0.99
0.99
0.99
1.15
1.24
1.31
1.04
1.06
1.11
1.00
1.00
1.00
