1.00
0.00
0.00
0.83
0.83
0.83
0.71
0.71
0.71
1.02
0.00
0.00
0.84
0.84
0.84
0.72
0.72
0.72
1.03
0.00
0.00
0.85
0.85
0.85
0.73
0.73
0.73
1.00
1.00
0.00
0.83
0.83
0.83
0.71
0.71
0.71
1.02
1.02
0.00
0.84
0.84
0.84
0.72
0.72
0.72
1.03
1.03
0.00
0.85
0.85
0.85
0.73
0.73
0.73
1.00
1.00
1.00
0.83
0.83
0.83
0.71
0.71
0.71
1.02
1.02
1.02
0.84
0.84
0.84
0.72
0.72
0.72
1.03
1.03
1.03
0.85
0.85
0.85
0.73
0.73
0.73
0.00
0.00
0.00
1.00
0.00
0.00
0.85
0.85
0.85
0.00
0.00
0.00
1.02
0.00
0.00
0.87
0.87
0.87
0.00
0.00
0.00
1.03
0.00
0.00
0.88
0.88
0.88
0.00
0.00
0.00
1.00
1.00
0.00
0.85
0.85
0.85
0.00
0.00
0.00
1.02
1.02
0.00
0.87
0.87
0.87
0.00
0.00
0.00
1.03
1.03
0.00
0.88
0.88
0.88
0.00
0.00
0.00
1.00
1.00
1.00
0.85
0.85
0.85
0.00
0.00
0.00
1.02
1.02
1.02
0.87
0.87
0.87
0.00
0.00
0.00
1.03
1.03
1.03
0.88
0.88
0.88
0.00
0.00
0.00
0.00
0.00
0.00
1.00
0.00
0.00
0.00
0.00
0.00
0.00
0.00
0.00
1.02
0.00
0.00
0.00
0.00
0.00
0.00
0.00
0.00
1.03
0.00
0.00
0.00
0.00
0.00
0.00
0.00
0.00
1.00
1.00
0.00
0.00
0.00
0.00
0.00
0.00
0.00
1.02
1.02
0.00
0.00
0.00
0.00
0.00
0.00
0.00
1.03
1.03
0.00
0.00
0.00
0.00
0.00
0.00
0.00
1.00
1.00
1.00
0.00
0.00
0.00
0.00
0.00
0.00
1.02
1.02
1.02
0.00
0.00
0.00
0.00
0.00
0.00
1.03
1.03
1.03
0.98
0.00
0.00
0.81
0.81
0.81
0.70
0.70
0.70
1.00
0.00
0.00
0.83
0.83
0.83
0.71
0.71
0.71
1.02
0.00
0.00
0.84
0.84
0.84
0.72
0.72
0.72
0.98
0.98
0.00
0.81
0.81
0.81
0.70
0.70
0.70
1.00
1.00
0.00
0.83
0.83
0.83
0.71
0.71
0.71
1.02
1.02
0.00
0.84
0.84
0.84
0.72
0.72
0.72
0.98
0.98
0.98
0.81
0.81
0.81
0.70
0.70
0.70
1.00
1.00
1.00
0.83
0.83
0.83
0.71
0.71
0.71
1.02
1.02
1.02
0.84
0.84
0.84
0.72
0.72
0.72
0.00
0.00
0.00
0.98
0.00
0.00
0.84
0.84
0.84
0.00
0.00
0.00
1.00
0.00
0.00
0.85
0.85
0.85
0.00
0.00
0.00
1.02
0.00
0.00
0.87
0.87
0.87
0.00
0.00
0.00
0.98
0.98
0.00
0.84
0.84
0.84
0.00
0.00
0.00
1.00
1.00
0.00
0.85
0.85
0.85
0.00
0.00
0.00
1.02
1.02
0.00
0.87
0.87
0.87
0.00
0.00
0.00
0.98
0.98
0.98
0.84
0.84
0.84
0.00
0.00
0.00
1.00
1.00
1.00
0.85
0.85
0.85
0.00
0.00
0.00
1.02
1.02
1.02
0.87
0.87
0.87
0.00
0.00
0.00
0.00
0.00
0.00
0.98
0.00
0.00
0.00
0.00
0.00
0.00
0.00
0.00
1.00
0.00
0.00
0.00
0.00
0.00
0.00
0.00
0.00
1.02
0.00
0.00
0.00
0.00
0.00
0.00
0.00
0.00
0.98
0.98
0.00
0.00
0.00
0.00
0.00
0.00
0.00
1.00
1.00
0.00
0.00
0.00
0.00
0.00
0.00
0.00
1.02
1.02
0.00
0.00
0.00
0.00
0.00
0.00
0.00
0.98
0.98
0.98
0.00
0.00
0.00
0.00
0.00
0.00
1.00
1.00
1.00
0.00
0.00
0.00
0.00
0.00
0.00
1.02
1.02
1.02
0.97
0.00
0.00
0.80
0.80
0.80
0.68
0.68
0.68
0.98
0.00
0.00
0.81
0.81
0.81
0.70
0.70
0.70
1.00
0.00
0.00
0.83
0.83
0.83
0.71
0.71
0.71
0.97
0.97
0.00
0.80
0.80
0.80
0.68
0.68
0.68
0.98
0.98
0.00
0.81
0.81
0.81
0.70
0.70
0.70
1.00
1.00
0.00
0.83
0.83
0.83
0.71
0.71
0.71
0.97
0.97
0.97
0.80
0.80
0.80
0.68
0.68
0.68
0.98
0.98
0.98
0.81
0.81
0.81
0.70
0.70
0.70
1.00
1.00
1.00
0.83
0.83
0.83
0.71
0.71
0.71
0.00
0.00
0.00
0.97
0.00
0.00
0.83
0.83
0.83
0.00
0.00
0.00
0.98
0.00
0.00
0.84
0.84
0.84
0.00
0.00
0.00
1.00
0.00
0.00
0.85
0.85
0.85
0.00
0.00
0.00
0.97
0.97
0.00
0.83
0.83
0.83
0.00
0.00
0.00
0.98
0.98
0.00
0.84
0.84
0.84
0.00
0.00
0.00
1.00
1.00
0.00
0.85
0.85
0.85
0.00
0.00
0.00
0.97
0.97
0.97
0.83
0.83
0.83
0.00
0.00
0.00
0.98
0.98
0.98
0.84
0.84
0.84
0.00
0.00
0.00
1.00
1.00
1.00
0.85
0.85
0.85
0.00
0.00
0.00
0.00
0.00
0.00
0.97
0.00
0.00
0.00
0.00
0.00
0.00
0.00
0.00
0.98
0.00
0.00
0.00
0.00
0.00
0.00
0.00
0.00
1.00
0.00
0.00
0.00
0.00
0.00
0.00
0.00
0.00
0.97
0.97
0.00
0.00
0.00
0.00
0.00
0.00
0.00
0.98
0.98
0.00
0.00
0.00
0.00
0.00
0.00
0.00
1.00
1.00
0.00
0.00
0.00
0.00
0.00
0.00
0.00
0.97
0.97
0.97
0.00
0.00
0.00
0.00
0.00
0.00
0.98
0.98
0.98
0.00
0.00
0.00
0.00
0.00
0.00
1.00
1.00
1.00
