1.00
0.00
0.00
0.91
0.00
0.00
0.49
0.49
0.49
1.01
0.00
0.00
0.92
0.00
0.00
0.50
0.50
0.50
1.02
0.00
0.00
0.93
0.00
0.00
0.51
0.51
0.51
0.96
1.00
0.00
0.60
0.94
0.00
0.49
0.49
0.49
0.97
1.01
0.00
0.61
0.95
0.00
0.50
0.50
0.50
0.98
1.02
0.00
0.62
0.96
0.00
0.51
0.51
0.51
0.92
0.97
1.00
0.58
0.76
0.95
0.49
0.49
0.49
0.93
0.98
1.01
0.59
0.77
0.97
0.50
0.50
0.50
0.94
0.99
1.02
0.59
0.78
0.98
0.51
0.51
0.51
0.00
0.00
0.00
1.00
0.00
0.00
0.50
0.50
0.50
0.00
0.00
0.00
1.01
0.00
0.00
0.50
0.50
0.50
0.00
0.00
0.00
1.02
0.00
0.00
0.51
0.51
0.51
0.00
0.00
0.00
0.70
1.00
0.00
0.50
0.50
0.50
0.00
0.00
0.00
0.71
1.01
0.00
0.50
0.50
0.50
0.00
0.00
0.00
0.72
1.02
0.00
0.51
0.51
0.51
0.95
0.00
0.00
0.58
0.82
1.00
0.50
0.50
0.50
0.96
0.00
0.00
0.59
0.83
1.01
0.50
0.50
0.50
0.97
0.00
0.00
0.60
0.84
1.02
0.51
0.51
0.51
0.00
0.00
0.00
0.00
0.00
0.00
0.50
0.50
0.50
0.00
0.00
0.00
0.00
0.00
0.00
0.51
0.51
0.51
0.00
0.00
0.00
0.00
0.00
0.00
0.52
0.52
0.52
0.00
0.00
0.00
0.79
0.00
0.00
0.50
0.50
0.50
0.00
0.00
0.00
0.80
0.00
0.00
0.51
0.51
0.51
0.00
0.00
0.00
0.81
0.00
0.00
0.52
0.52
0.52
0.00
0.00
0.00
0.58
0.88
0.00
0.50
0.50
0.50
0.00
0.00
0.00
0.59
0.89
0.00
0.51
0.51
0.51
0.00
0.00
0.00
0.60
0.90
0.00
0.52
0.52
0.52
0.99
0.00
0.00
0.89
0.00
0.00
0.49
0.49
0.49
1.00
0.00
0.00
0.91
0.00
0.00
0.50
0.50
0.50
1.01
0.00
0.00
0.92
0.00
0.00
0.50
0.50
0.50
0.95
0.99
0.00
0.59
0.93
0.00
0.49
0.49
0.49
0.96
1.00
0.00
0.60
0.94
0.00
0.50
0.50
0.50
0.97
1.01
0.00
0.61
0.95
0.00
0.50
0.50
0.50
0.91
0.96
0.99
0.57
0.75
0.94
0.49
0.49
0.49
0.92
0.97
1.00
0.58
0.76
0.95
0.50
0.50
0.50
0.93
0.98
1.01
0.59
0.77
0.97
0.50
0.50
0.50
0.00
0.00
0.00
0.99
0.00
0.00
0.49
0.49
0.49
0.00
0.00
0.00
1.00
0.00
0.00
0.50
0.50
0.50
0.00
0.00
0.00
1.01
0.00
0.00
0.51
0.51
0.51
0.00
0.00
0.00
0.69
0.99
0.00
0.49
0.49
0.49
0.00
0.00
0.00
0.70
1.00
0.00
0.50
0.50
0.50
0.00
0.00
0.00
0.71
1.01
0.00
0.51
0.51
0.51
0.94
0.00
0.00
0.57
0.81
0.99
0.49
0.49
0.49
0.95
0.00
0.00
0.58
0.82
1.00
0.50
0.50
0.50
0.96
0.00
0.00
0.59
0.83
1.01
0.51
0.51
0.51
0.00
0.00
0.00
0.00
0.00
0.00
0.49
0.49
0.49
0.00
0.00
0.00
0.00
0.00
0.00
0.50
0.50
0.50
0.00
0.00
0.00
0.00
0.00
0.00
0.51
0.51
0.51
0.00
0.00
0.00
0.78
0.00
0.00
0.49
0.49
0.49
0.00
0.00
0.00
0.79
0.00
0.00
0.50
0.50
0.50
0.00
0.00
0.00
0.80
0.00
0.00
0.51
0.51
0.51
0.00
0.00
0.00
0.58
0.87
0.00
0.49
0.49
0.49
0.00
0.00
0.00
0.59
0.88
0.00
0.50
0.50
0.50
0.00
0.00
0.00
0.60
0.89
0.00
0.51
0.51
0.51
0.98
0.00
0.00
0.88
0.00
0.00
0.48
0.48
0.48
0.99
0.00
0.00
0.90
0.00
0.00
0.49
0.49
0.49
1.00
0.00
0.00
0.91
0.00
0.00
0.50
0.50
0.50
0.94
0.98
0.00
0.59
0.92
0.00
0.48
0.48
0.48
0.95
0.99
0.00
0.60
0.93
0.00
0.49
0.49
0.49
0.96
1.00
0.00
0.61
0.94
0.00
0.50
0.50
0.50
0.90
0.95
0.98
0.56
0.74
0.93
0.48
0.48
0.48
0.91
0.96
0.99
0.57
0.75
0.94
0.49
0.49
0.49
0.92
0.97
1.00
0.58
0.76
0.95
0.50
0.50
0.50
0.00
0.00
0.00
0.98
0.00
0.00
0.49
0.49
0.49
0.00
0.00
0.00
0.99
0.00
0.00
0.49
0.49
0.49
0.00
0.00
0.00
1.00
0.00
0.00
0.50
0.50
0.50
0.00
0.00
0.00
0.68
0.98
0.00
0.49
0.49
0.49
0.00
0.00
0.00
0.69
0.99
0.00
0.49
0.49
0.49
0.00
0.00
0.00
0.70
1.00
0.00
0.50
0.50
0.50
0.93
0.00
0.00
0.57
0.80
0.98
0.49
0.49
0.49
0.94
0.00
0.00
0.58
0.81
0.99
0.49
0.49
0.49
0.95
0.00
0.00
0.58
0.82
1.00
0.50
0.50
0.50
0.00
0.00
0.00
0.00
0.00
0.00
0.49
0.49
0.49
0.00
0.00
0.00
0.00
0.00
0.00
0.50
0.50
0.50
0.00
0.00
0.00
0.00
0.00
0.00
0.50
0.50
0.50
0.00
0.00
0.00
0.77
0.00
0.00
0.49
0.49
0.49
0.00
0.00
0.00
0.78
0.00
0.00
0.50
0.50
0.50
0.00
0.00
0.00
0.79
0.00
0.00
0.50
0.50
0.50
0.00
0.00
0.00
0.57
0.86
0.00
0.49
0.49
0.49
0.00
0.00
0.00
0.58
0.87
0.00
0.50
0.50
0.50
0.00
0.00
0.00
0.59
0.88
0.00
0.50
0.50
0.50
