0.88
0.93
1.00
0.73
0.73
0.73
0.62
0.62
0.62
0.89
0.94
1.02
0.74
0.74
0.74
0.63
0.63
0.63
0.89
0.96
1.03
0.75
0.75
0.75
0.64
0.64
0.64
0.88
0.88
0.95
0.73
0.73
0.73
0.62
0.62
0.62
0.89
0.89
0.97
0.74
0.74
0.74
0.63
0.63
0.63
0.89
0.91
0.98
0.75
0.75
0.75
0.64
0.64
0.64
0.88
0.88
0.90
0.73
0.73
0.73
0.62
0.62
0.62
0.89
0.89
0.92
0.74
0.74
0.74
0.63
0.63
0.63
0.89
0.90
0.93
0.75
0.75
0.75
0.64
0.64
0.64
0.94
1.08
1.14
0.77
0.77
0.77
0.65
0.65
0.65
0.94
1.09
1.16
0.78
0.78
0.78
0.66
0.66
0.66
0.95
1.11
1.17
0.79
0.79
0.79
0.67
0.67
0.67
0.93
1.02
1.09
0.77
0.77
0.77
0.65
0.65
0.65
0.94
1.04
1.11
0.78
0.78
0.78
0.66
0.66
0.66
0.94
1.05
1.12
0.79
0.79
0.79
0.67
0.67
0.67
0.93
0.97
1.04
0.77
0.77
0.77
0.65
0.65
0.65
0.94
0.98
1.06
0.78
0.78
0.78
0.66
0.66
0.66
0.94
1.00
1.07
0.79
0.79
0.79
0.67
0.67
0.67
1.11
1.22
1.28
0.80
0.80
0.80
0.69
0.69
0.69
1.12
1.24
1.30
0.82
0.82
0.82
0.70
0.70
0.70
1.13
1.26
1.31
0.83
0.83
0.83
0.71
0.71
0.71
1.03
1.17
1.23
0.80
0.80
0.80
0.69
0.69
0.69
1.04
1.18
1.25
0.82
0.82
0.82
0.70
0.70
0.70
1.05
1.20
1.26
0.83
0.83
0.83
0.71
0.71
0.71
0.97
1.11
1.18
0.80
0.80
0.80
0.69
0.69
0.69
0.98
1.13
1.20
0.82
0.82
0.82
0.70
0.70
0.70
0.99
1.15
1.22
0.83
0.83
0.83
0.71
0.71
0.71
0.87
0.92
0.99
0.72
0.72
0.72
0.61
0.61
0.61
0.88
0.94
1.01
0.73
0.73
0.73
0.62
0.62
0.62
0.88
0.95
1.02
0.74
0.74
0.74
0.63
0.63
0.63
0.87
0.87
0.94
0.72
0.72
0.72
0.61
0.61
0.61
0.88
0.88
0.96
0.73
0.73
0.73
0.62
0.62
0.62
0.88
0.90
0.97
0.74
0.74
0.74
0.63
0.63
0.63
0.87
0.87
0.89
0.72
0.72
0.72
0.61
0.61
0.61
0.88
0.88
0.91
0.73
0.73
0.73
0.62
0.62
0.62
0.88
0.89
0.92
0.74
0.74
0.74
0.63
0.63
0.63
0.93
1.07
1.13
0.76
0.76
0.76
0.65
0.65
0.65
0.93
1.08
1.14
0.77
0.77
0.77
0.66
0.66
0.66
0.94
1.10
1.16
0.78
0.78
0.78
0.67
0.67
0.67
0.92
1.01
1.08
0.76
0.76
0.76
0.65
0.65
0.65
0.93
1.03
1.10
0.77
0.77
0.77
0.66
0.66
0.66
0.93
1.04
1.11
0.78
0.78
0.78
0.67
0.67
0.67
0.92
0.96
1.03
0.76
0.76
0.76
0.65
0.65
0.65
0.93
0.97
1.05
0.77
0.77
0.77
0.66
0.66
0.66
0.93
0.99
1.06
0.78
0.78
0.78
0.67
0.67
0.67
1.10
1.21
1.27
0.80
0.80
0.80
0.68
0.68
0.68
1.11
1.23
1.28
0.81
0.81
0.81
0.69
0.69
0.69
1.12
1.24
1.30
0.82
0.82
0.82
0.70
0.70
0.70
1.02
1.16
1.22
0.80
0.80
0.80
0.68
0.68
0.68
1.03
1.17
1.24
0.81
0.81
0.81
0.69
0.69
0.69
1.04
1.19
1.25
0.82
0.82
0.82
0.70
0.70
0.70
0.96
1.10
1.17
0.80
0.80
0.80
0.68
0.68
0.68
0.97
1.12
1.19
0.81
0.81
0.81
0.69
0.69
0.69
0.98
1.13
1.20
0.82
0.82
0.82
0.70
0.70
0.70
0.86
0.91
0.98
0.71
0.71
0.71
0.61
0.61
0.61
0.87
0.93
1.00
0.72
0.72
0.72
0.62
0.62
0.62
0.88
0.94
1.01
0.73
0.73
0.73
0.63
0.63
0.63
0.86
0.86
0.93
0.71
0.71
0.71
0.61
0.61
0.61
0.87
0.87
0.95
0.72
0.72
0.72
0.62
0.62
0.62
0.88
0.89
0.96
0.73
0.73
0.73
0.63
0.63
0.63
0.86
0.86
0.88
0.71
0.71
0.71
0.61
0.61
0.61
0.87
0.87
0.90
0.72
0.72
0.72
0.62
0.62
0.62
0.88
0.88
0.91
0.73
0.73
0.73
0.63
0.63
0.63
0.92
1.06
1.12
0.75
0.75
0.75
0.64
0.64
0.64
0.92
1.07
1.13
0.76
0.76
0.76
0.65
0.65
0.65
0.93
1.09
1.15
0.77
0.77
0.77
0.66
0.66
0.66
0.91
1.00
1.07
0.75
0.75
0.75
0.64
0.64
0.64
0.92
1.02
1.08
0.76
0.76
0.76
0.65
0.65
0.65
0.92
1.03
1.10
0.77
0.77
0.77
0.66
0.66
0.66
0.91
0.95
1.02
0.75
0.75
0.75
0.64
0.64
0.64
0.92
0.96
1.04
0.76
0.76
0.76
0.65
0.65
0.65
0.92
0.98
1.05
0.77
0.77
0.77
0.66
0.66
0.66
1.08
1.20
1.25
0.79
0.79
0.79
0.67
0.67
0.67
1.10
1.22
1.27
0.80
0.80
0.80
0.68
0.68
0.68
1.11
1.23
1.29
0.81
0.81
0.81
0.69
0.69
0.69
1.01
1.14
1.21
0.79
0.79
0.79
0.67
0.67
0.67
1.02
1.16
1.22
0.80
0.80
0.80
0.68
0.68
0.68
1.03
1.18
1.24
0.81
0.81
0.81
0.69
0.69
0.69
0.95
1.09
1.16
0.79
0.79
0.79
0.67
0.67
0.67
0.96
1.11
1.17
0.80
0.80
0.80
0.68
0.68
0.68
0.97
1.12
1.19
0.81
0.81
0.81
0.69
0.69
0.69
