1.06
1.15
1.22
0.83
0.83
0.83
0.70
0.70
0.70
1.08
1.17
1.24
0.84
0.84
0.84
0.71
0.71
0.71
1.10
1.19
1.26
0.85
0.85
0.85
0.73
0.73
0.73
1.00
1.00
1.00
0.83
0.83
0.83
0.70
0.70
0.70
1.01
1.01
1.01
0.84
0.84
0.84
0.71
0.71
0.71
1.03
1.03
1.03
0.85
0.85
0.85
0.73
0.73
0.73
1.00
1.00
1.00
0.83
0.83
0.83
0.70
0.70
0.70
1.01
1.01
1.01
0.84
0.84
0.84
0.71
0.71
0.71
1.03
1.03
1.03
0.85
0.85
0.85
0.73
0.73
0.73
1.12
1.20
1.27
0.84
0.84
0.84
0.72
0.72
0.72
1.13
1.22
1.29
0.85
0.85
0.85
0.73
0.73
0.73
1.15
1.24
1.31
0.87
0.87
0.87
0.74
0.74
0.74
1.01
1.01
1.04
0.84
0.84
0.84
0.72
0.72
0.72
1.03
1.03
1.06
0.85
0.85
0.85
0.73
0.73
0.73
1.05
1.05
1.07
0.87
0.87
0.87
0.74
0.74
0.74
1.01
1.01
1.01
0.84
0.84
0.84
0.72
0.72
0.72
1.03
1.03
1.03
0.85
0.85
0.85
0.73
0.73
0.73
1.05
1.05
1.05
0.87
0.87
0.87
0.74
0.74
0.74
1.17
1.26
1.32
0.85
0.85
0.85
0.73
0.73
0.73
1.19
1.27
1.34
0.87
0.87
0.87
0.74
0.74
0.74
1.21
1.29
1.35
0.88
0.88
0.88
0.75
0.75
0.75
1.03
1.03
1.09
0.85
0.85
0.85
0.73
0.73
0.73
1.05
1.05
1.10
0.87
0.87
0.87
0.74
0.74
0.74
1.06
1.06
1.12
0.88
0.88
0.88
0.75
0.75
0.75
1.03
1.03
1.03
0.85
0.85
0.85
0.73
0.73
0.73
1.05
1.05
1.05
0.87
0.87
0.87
0.74
0.74
0.74
1.06
1.06
1.06
0.88
0.88
0.88
0.75
0.75
0.75
1.06
1.15
1.21
0.82
0.82
0.82
0.70
0.70
0.70
1.07
1.16
1.23
0.83
0.83
0.83
0.71
0.71
0.71
1.09
1.18
1.25
0.84
0.84
0.84
0.72
0.72
0.72
0.99
0.99
0.99
0.82
0.82
0.82
0.70
0.70
0.70
1.01
1.01
1.01
0.83
0.83
0.83
0.71
0.71
0.71
1.02
1.02
1.02
0.84
0.84
0.84
0.72
0.72
0.72
0.99
0.99
0.99
0.82
0.82
0.82
0.70
0.70
0.70
1.01
1.01
1.01
0.83
0.83
0.83
0.71
0.71
0.71
1.02
1.02
1.02
0.84
0.84
0.84
0.72
0.72
0.72
1.11
1.20
1.26
0.83
0.83
0.83
0.71
0.71
0.71
1.13
1.21
1.28
0.85
0.85
0.85
0.72
0.72
0.72
1.14
1.23
1.30
0.86
0.86
0.86
0.73
0.73
0.73
1.01
1.01
1.03
0.83
0.83
0.83
0.71
0.71
0.71
1.02
1.02
1.05
0.85
0.85
0.85
0.72
0.72
0.72
1.04
1.04
1.06
0.86
0.86
0.86
0.73
0.73
0.73
1.01
1.01
1.01
0.83
0.83
0.83
0.71
0.71
0.71
1.02
1.02
1.02
0.85
0.85
0.85
0.72
0.72
0.72
1.04
1.04
1.04
0.86
0.86
0.86
0.73
0.73
0.73
1.16
1.25
1.31
0.85
0.85
0.85
0.72
0.72
0.72
1.18
1.26
1.33
0.86
0.86
0.86
0.73
0.73
0.73
1.20
1.28
1.34
0.87
0.87
0.87
0.74
0.74
0.74
1.02
1.02
1.08
0.85
0.85
0.85
0.72
0.72
0.72
1.04
1.04
1.10
0.86
0.86
0.86
0.73
0.73
0.73
1.05
1.05
1.11
0.87
0.87
0.87
0.74
0.74
0.74
1.02
1.02
1.02
0.85
0.85
0.85
0.72
0.72
0.72
1.04
1.04
1.04
0.86
0.86
0.86
0.73
0.73
0.73
1.05
1.05
1.05
0.87
0.87
0.87
0.74
0.74
0.74
1.05
1.14
1.21
0.81
0.81
0.81
0.69
0.69
0.69
1.06
1.15
1.22
0.83
0.83
0.83
0.70
0.70
0.70
1.08
1.17
1.24
0.84
0.84
0.84
0.71
0.71
0.71
0.98
0.98
0.98
0.81
0.81
0.81
0.69
0.69
0.69
1.00
1.00
1.00
0.83
0.83
0.83
0.70
0.70
0.70
1.01
1.01
1.01
0.84
0.84
0.84
0.71
0.71
0.71
0.98
0.98
0.98
0.81
0.81
0.81
0.69
0.69
0.69
1.00
1.00
1.00
0.83
0.83
0.83
0.70
0.70
0.70
1.01
1.01
1.01
0.84
0.84
0.84
0.71
0.71
0.71
1.10
1.19
1.25
0.83
0.83
0.83
0.70
0.70
0.70
1.12
1.20
1.27
0.84
0.84
0.84
0.72
0.72
0.72
1.13
1.22
1.29
0.85
0.85
0.85
0.73
0.73
0.73
1.00
1.00
1.02
0.83
0.83
0.83
0.70
0.70
0.70
1.01
1.01
1.04
0.84
0.84
0.84
0.72
0.72
0.72
1.03
1.03
1.06
0.85
0.85
0.85
0.73
0.73
0.73
1.00
1.00
1.00
0.83
0.83
0.83
0.70
0.70
0.70
1.01
1.01
1.01
0.84
0.84
0.84
0.72
0.72
0.72
1.03
1.03
1.03
0.85
0.85
0.85
0.73
0.73
0.73
1.15
1.24
1.30
0.84
0.84
0.84
0.72
0.72
0.72
1.17
1.25
1.32
0.85
0.85
0.85
0.73
0.73
0.73
1.19
1.27
1.33
0.87
0.87
0.87
0.74
0.74
0.74
1.01
1.01
1.07
0.84
0.84
0.84
0.72
0.72
0.72
1.03
1.03
1.09
0.85
0.85
0.85
0.73
0.73
0.73
1.05
1.05
1.10
0.87
0.87
0.87
0.74
0.74
0.74
1.01
1.01
1.01
0.84
0.84
0.84
0.72
0.72
0.72
1.03
1.03
1.03
0.85
0.85
0.85
0.73
0.73
0.73
1.05
1.05
1.05
0.87
0.87
0.87
0.74
0.74
0.74
