1.27
1.42
1.49
1.16
1.34
1.40
1.11
1.26
1.30
1.29
1.44
1.51
1.17
1.35
1.42
1.12
1.28
1.32
1.30
1.46
1.53
1.19
1.37
1.44
1.13
1.29
1.34
1.19
1.34
1.43
1.15
1.26
1.34
1.11
1.18
1.23
1.21
1.36
1.45
1.16
1.28
1.36
1.12
1.20
1.25
1.23
1.38
1.48
1.18
1.29
1.38
1.13
1.21
1.27
1.19
1.27
1.38
1.15
1.18
1.28
1.11
1.11
1.19
1.21
1.29
1.40
1.16
1.20
1.30
1.12
1.12
1.21
1.23
1.30
1.42
1.18
1.21
1.32
1.13
1.13
1.23
0.00
0.00
0.00
0.00
0.00
0.00
0.00
0.00
0.00
0.00
0.00
0.00
0.00
0.00
0.00
0.00
0.00
0.00
0.00
0.00
0.00
0.00
0.00
0.00
0.00
0.00
0.00
0.00
0.00
0.00
1.85
0.00
0.00
1.74
1.81
0.00
0.00
0.00
0.00
1.88
0.00
0.00
1.76
1.84
0.00
0.00
0.00
0.00
1.91
0.00
0.00
1.79
1.86
0.00
1.87
0.00
0.00
1.73
1.82
0.00
1.61
1.73
1.77
1.90
0.00
0.00
1.75
1.85
0.00
1.63
1.75
1.80
1.93
0.00
0.00
1.78
1.88
0.00
1.65
1.78
1.83
0.00
0.00
0.00
0.00
0.00
0.00
0.00
0.00
0.00
0.00
0.00
0.00
0.00
0.00
0.00
0.00
0.00
0.00
0.00
0.00
0.00
0.00
0.00
0.00
0.00
0.00
0.00
0.00
0.00
0.00
0.00
0.00
0.00
0.00
0.00
0.00
0.00
0.00
0.00
0.00
0.00
0.00
0.00
0.00
0.00
0.00
0.00
0.00
0.00
0.00
0.00
0.00
0.00
0.00
0.00
0.00
0.00
0.00
0.00
0.00
0.00
0.00
0.00
0.00
0.00
0.00
0.00
0.00
0.00
0.00
0.00
0.00
0.00
0.00
0.00
0.00
0.00
0.00
0.00
0.00
0.00
1.25
1.40
1.46
1.14
1.32
1.38
1.09
1.24
1.28
1.27
1.42
1.49
1.15
1.33
1.40
1.10
1.26
1.30
1.28
1.44
1.51
1.17
1.35
1.42
1.11
1.27
1.32
1.18
1.32
1.41
1.13
1.24
1.32
1.09
1.16
1.21
1.19
1.34
1.43
1.14
1.26
1.34
1.10
1.18
1.23
1.21
1.36
1.45
1.16
1.27
1.36
1.11
1.19
1.25
1.18
1.25
1.36
1.13
1.16
1.26
1.09
1.09
1.17
1.19
1.27
1.38
1.14
1.18
1.28
1.10
1.10
1.19
1.21
1.28
1.40
1.16
1.19
1.30
1.11
1.11
1.21
0.00
0.00
0.00
0.00
0.00
0.00
0.00
0.00
0.00
0.00
0.00
0.00
0.00
0.00
0.00
0.00
0.00
0.00
0.00
0.00
0.00
0.00
0.00
0.00
0.00
0.00
0.00
0.00
0.00
0.00
1.83
0.00
0.00
1.71
1.78
0.00
0.00
0.00
0.00
1.85
0.00
0.00
1.73
1.81
0.00
0.00
0.00
0.00
1.88
0.00
0.00
1.76
1.83
0.00
1.84
0.00
0.00
1.70
1.79
0.00
1.58
1.70
1.75
1.87
0.00
0.00
1.72
1.82
0.00
1.60
1.73
1.77
1.89
0.00
0.00
1.75
1.85
0.00
1.62
1.75
1.80
0.00
0.00
0.00
0.00
0.00
0.00
0.00
0.00
0.00
0.00
0.00
0.00
0.00
0.00
0.00
0.00
0.00
0.00
0.00
0.00
0.00
0.00
0.00
0.00
0.00
0.00
0.00
0.00
0.00
0.00
0.00
0.00
0.00
0.00
0.00
0.00
0.00
0.00
0.00
0.00
0.00
0.00
0.00
0.00
0.00
0.00
0.00
0.00
0.00
0.00
0.00
0.00
0.00
0.00
0.00
0.00
0.00
0.00
0.00
0.00
0.00
0.00
0.00
0.00
0.00
0.00
0.00
0.00
0.00
0.00
0.00
0.00
0.00
0.00
0.00
0.00
0.00
0.00
0.00
0.00
0.00
1.23
1.38
1.44
1.12
1.30
1.36
1.07
1.22
1.26
1.25
1.40
1.46
1.13
1.31
1.38
1.08
1.24
1.28
1.26
1.42
1.49
1.15
1.33
1.40
1.10
1.25
1.30
1.16
1.30
1.39
1.11
1.22
1.30
1.07
1.14
1.19
1.17
1.32
1.41
1.13
1.24
1.32
1.08
1.16
1.21
1.19
1.34
1.43
1.14
1.25
1.34
1.10
1.18
1.23
1.16
1.23
1.34
1.11
1.14
1.24
1.07
1.07
1.15
1.17
1.25
1.35
1.13
1.16
1.26
1.08
1.08
1.17
1.19
1.26
1.37
1.14
1.17
1.28
1.10
1.10
1.19
0.00
0.00
0.00
0.00
0.00
0.00
0.00
0.00
0.00
0.00
0.00
0.00
0.00
0.00
0.00
0.00
0.00
0.00
0.00
0.00
0.00
0.00
0.00
0.00
0.00
0.00
0.00
0.00
0.00
0.00
1.80
0.00
0.00
1.68
1.75
0.00
0.00
0.00
0.00
1.83
0.00
0.00
1.71
1.78
0.00
0.00
0.00
0.00
1.85
0.00
0.00
1.73
1.80
0.00
1.81
0.00
0.00
1.67
1.77
0.00
1.56
1.67
1.72
1.84
0.00
0.00
1.70
1.79
0.00
1.58
1.70
1.74
1.87
0.00
0.00
1.72
1.82
0.00
1.60
1.73
1.77
0.00
0.00
0.00
0.00
0.00
0.00
0.00
0.00
0.00
0.00
0.00
0.00
0.00
0.00
0.00
0.00
0.00
0.00
0.00
0.00
0.00
0.00
0.00
0.00
0.00
0.00
0.00
0.00
0.00
0.00
0.00
0.00
0.00
0.00
0.00
0.00
0.00
0.00
0.00
0.00
0.00
0.00
0.00
0.00
0.00
0.00
0.00
0.00
0.00
0.00
0.00
0.00
0.00
0.00
0.00
0.00
0.00
0.00
0.00
0.00
0.00
0.00
0.00
0.00
0.00
0.00
0.00
0.00
0.00
0.00
0.00
0.00
0.00
0.00
0.00
0.00
0.00
0.00
0.00
0.00
0.00
