0.80
0.89
0.93
0.59
0.59
0.59
0.50
0.50
0.50
0.81
0.90
0.94
0.60
0.60
0.60
0.51
0.51
0.51
0.82
0.91
0.96
0.61
0.61
0.61
0.52
0.52
0.52
0.72
0.83
0.88
0.59
0.59
0.59
0.50
0.50
0.50
0.73
0.84
0.89
0.60
0.60
0.60
0.51
0.51
0.51
0.73
0.86
0.91
0.61
0.61
0.61
0.52
0.52
0.52
0.71
0.77
0.83
0.59
0.59
0.59
0.50
0.50
0.50
0.72
0.79
0.84
0.60
0.60
0.60
0.51
0.51
0.51
0.73
0.80
0.85
0.61
0.61
0.61
0.52
0.52
0.52
0.83
0.92
0.96
0.60
0.60
0.60
0.51
0.51
0.51
0.84
0.93
0.97
0.61
0.61
0.61
0.52
0.52
0.52
0.85
0.94
0.98
0.62
0.62
0.62
0.53
0.53
0.53
0.75
0.86
0.91
0.60
0.60
0.60
0.51
0.51
0.51
0.76
0.87
0.92
0.61
0.61
0.61
0.52
0.52
0.52
0.77
0.88
0.93
0.62
0.62
0.62
0.53
0.53
0.53
0.72
0.80
0.86
0.60
0.60
0.60
0.51
0.51
0.51
0.73
0.81
0.87
0.61
0.61
0.61
0.52
0.52
0.52
0.74
0.83
0.88
0.62
0.62
0.62
0.53
0.53
0.53
0.86
0.94
0.98
0.61
0.61
0.63
0.52
0.52
0.52
0.87
0.96
1.00
0.61
0.61
0.64
0.52
0.52
0.52
0.88
0.97
1.01
0.62
0.62
0.65
0.53
0.53
0.53
0.79
0.89
0.93
0.61
0.61
0.61
0.52
0.52
0.52
0.79
0.90
0.95
0.61
0.61
0.61
0.52
0.52
0.52
0.80
0.91
0.96
0.62
0.62
0.62
0.53
0.53
0.53
0.73
0.83
0.88
0.61
0.61
0.61
0.52
0.52
0.52
0.74
0.84
0.89
0.61
0.61
0.61
0.52
0.52
0.52
0.75
0.85
0.91
0.62
0.62
0.62
0.53
0.53
0.53
0.79
0.88
0.92
0.58
0.58
0.58
0.50
0.50
0.50
0.80
0.89
0.93
0.59
0.59
0.59
0.51
0.51
0.51
0.80
0.90
0.94
0.60
0.60
0.60
0.51
0.51
0.51
0.71
0.82
0.87
0.58
0.58
0.58
0.50
0.50
0.50
0.72
0.83
0.88
0.59
0.59
0.59
0.51
0.51
0.51
0.72
0.84
0.89
0.60
0.60
0.60
0.51
0.51
0.51
0.70
0.76
0.82
0.58
0.58
0.58
0.50
0.50
0.50
0.71
0.78
0.83
0.59
0.59
0.59
0.51
0.51
0.51
0.72
0.79
0.84
0.60
0.60
0.60
0.51
0.51
0.51
0.82
0.90
0.94
0.59
0.59
0.59
0.50
0.50
0.50
0.83
0.92
0.96
0.60
0.60
0.60
0.51
0.51
0.51
0.84
0.93
0.97
0.61
0.61
0.61
0.52
0.52
0.52
0.74
0.85
0.89
0.59
0.59
0.59
0.50
0.50
0.50
0.75
0.86
0.91
0.60
0.60
0.60
0.51
0.51
0.51
0.76
0.87
0.92
0.61
0.61
0.61
0.52
0.52
0.52
0.71
0.79
0.84
0.59
0.59
0.59
0.50
0.50
0.50
0.72
0.80
0.86
0.60
0.60
0.60
0.51
0.51
0.51
0.73
0.81
0.87
0.61
0.61
0.61
0.52
0.52
0.52
0.85
0.93
0.97
0.60
0.60
0.62
0.51
0.51
0.51
0.86
0.94
0.98
0.61
0.61
0.63
0.52
0.52
0.52
0.87
0.95
0.99
0.62
0.62
0.64
0.53
0.53
0.53
0.78
0.87
0.92
0.60
0.60
0.60
0.51
0.51
0.51
0.78
0.89
0.93
0.61
0.61
0.61
0.52
0.52
0.52
0.79
0.90
0.94
0.62
0.62
0.62
0.53
0.53
0.53
0.72
0.82
0.87
0.60
0.60
0.60
0.51
0.51
0.51
0.73
0.83
0.88
0.61
0.61
0.61
0.52
0.52
0.52
0.73
0.84
0.89
0.62
0.62
0.62
0.53
0.53
0.53
0.78
0.87
0.91
0.58
0.58
0.58
0.49
0.49
0.49
0.79
0.88
0.92
0.58
0.58
0.58
0.50
0.50
0.50
0.79
0.89
0.93
0.59
0.59
0.59
0.51
0.51
0.51
0.70
0.81
0.86
0.58
0.58
0.58
0.49
0.49
0.49
0.71
0.82
0.87
0.58
0.58
0.58
0.50
0.50
0.50
0.72
0.83
0.88
0.59
0.59
0.59
0.51
0.51
0.51
0.69
0.75
0.81
0.58
0.58
0.58
0.49
0.49
0.49
0.70
0.77
0.82
0.58
0.58
0.58
0.50
0.50
0.50
0.71
0.78
0.83
0.59
0.59
0.59
0.51
0.51
0.51
0.81
0.89
0.93
0.58
0.58
0.58
0.50
0.50
0.50
0.82
0.90
0.94
0.59
0.59
0.59
0.50
0.50
0.50
0.82
0.92
0.96
0.60
0.60
0.60
0.51
0.51
0.51
0.73
0.84
0.88
0.58
0.58
0.58
0.50
0.50
0.50
0.74
0.85
0.89
0.59
0.59
0.59
0.50
0.50
0.50
0.75
0.86
0.91
0.60
0.60
0.60
0.51
0.51
0.51
0.70
0.78
0.83
0.58
0.58
0.58
0.50
0.50
0.50
0.71
0.79
0.84
0.59
0.59
0.59
0.50
0.50
0.50
0.72
0.80
0.86
0.60
0.60
0.60
0.51
0.51
0.51
0.84
0.92
0.96
0.59
0.59
0.61
0.50
0.50
0.50
0.85
0.93
0.97
0.60
0.60
0.62
0.51
0.51
0.51
0.86
0.94
0.98
0.61
0.61
0.63
0.52
0.52
0.52
0.77
0.86
0.91
0.59
0.59
0.59
0.50
0.50
0.50
0.77
0.87
0.92
0.60
0.60
0.60
0.51
0.51
0.51
0.78
0.89
0.93
0.61
0.61
0.61
0.52
0.52
0.52
0.71
0.81
0.86
0.59
0.59
0.59
0.50
0.50
0.50
0.72
0.82
0.87
0.60
0.60
0.60
0.51
0.51
0.51
0.73
0.83
0.88
0.61
0.61
0.61
0.52
0.52
0.52
