0.63
0.63
0.63
0.59
0.59
0.59
0.53
0.53
0.53
0.64
0.64
0.64
0.60
0.60
0.60
0.53
0.53
0.53
0.64
0.64
0.64
0.60
0.60
0.60
0.54
0.54
0.54
0.63
0.63
0.63
0.59
0.59
0.59
0.53
0.53
0.53
0.64
0.64
0.64
0.60
0.60
0.60
0.53
0.53
0.53
0.64
0.64
0.64
0.60
0.60
0.60
0.54
0.54
0.54
0.63
0.63
0.63
0.59
0.59
0.59
0.53
0.53
0.53
0.64
0.64
0.64
0.60
0.60
0.60
0.53
0.53
0.53
0.64
0.64
0.64
0.60
0.60
0.60
0.54
0.54
0.54
0.70
0.70
0.70
0.65
0.65
0.65
0.58
0.58
0.58
0.70
0.70
0.70
0.65
0.65
0.65
0.59
0.59
0.59
0.70
0.70
0.70
0.66
0.66
0.66
0.59
0.59
0.59
0.70
0.70
0.70
0.65
0.65
0.65
0.58
0.58
0.58
0.70
0.70
0.70
0.65
0.65
0.65
0.59
0.59
0.59
0.70
0.70
0.70
0.66
0.66
0.66
0.59
0.59
0.59
0.70
0.70
0.70
0.65
0.65
0.65
0.58
0.58
0.58
0.70
0.70
0.70
0.65
0.65
0.65
0.59
0.59
0.59
0.70
0.70
0.70
0.66
0.66
0.66
0.59
0.59
0.59
0.76
0.76
0.76
0.71
0.71
0.71
0.64
0.64
0.64
0.76
0.76
0.76
0.71
0.71
0.71
0.64
0.64
0.64
0.77
0.77
0.77
0.71
0.71
0.72
0.64
0.64
0.64
0.76
0.76
0.76
0.71
0.71
0.71
0.64
0.64
0.64
0.76
0.76
0.76
0.71
0.71
0.71
0.64
0.64
0.64
0.77
0.77
0.77
0.71
0.71
0.71
0.64
0.64
0.64
0.76
0.76
0.76
0.71
0.71
0.71
0.64
0.64
0.64
0.76
0.76
0.76
0.71
0.71
0.71
0.64
0.64
0.64
0.77
0.77
0.77
0.71
0.71
0.71
0.64
0.64
0.64
0.63
0.63
0.63
0.59
0.59
0.59
0.53
0.53
0.53
0.64
0.64
0.64
0.60
0.60
0.60
0.53
0.53
0.53
0.64
0.64
0.64
0.60
0.60
0.60
0.54
0.54
0.54
0.63
0.63
0.63
0.59
0.59
0.59
0.53
0.53
0.53
0.64
0.64
0.64
0.60
0.60
0.60
0.53
0.53
0.53
0.64
0.64
0.64
0.60
0.60
0.60
0.54
0.54
0.54
0.63
0.63
0.63
0.59
0.59
0.59
0.53
0.53
0.53
0.64
0.64
0.64
0.60
0.60
0.60
0.53
0.53
0.53
0.64
0.64
0.64
0.60
0.60
0.60
0.54
0.54
0.54
0.70
0.70
0.70
0.65
0.65
0.65
0.58
0.58
0.58
0.70
0.70
0.70
0.65
0.65
0.65
0.59
0.59
0.59
0.70
0.70
0.70
0.66
0.66
0.66
0.59
0.59
0.59
0.70
0.70
0.70
0.65
0.65
0.65
0.58
0.58
0.58
0.70
0.70
0.70
0.65
0.65
0.65
0.59
0.59
0.59
0.70
0.70
0.70
0.66
0.66
0.66
0.59
0.59
0.59
0.70
0.70
0.70
0.65
0.65
0.65
0.58
0.58
0.58
0.70
0.70
0.70
0.65
0.65
0.65
0.59
0.59
0.59
0.70
0.70
0.70
0.66
0.66
0.66
0.59
0.59
0.59
0.76
0.76
0.76
0.71
0.71
0.71
0.64
0.64
0.64
0.76
0.76
0.76
0.71
0.71
0.71
0.64
0.64
0.64
0.77
0.77
0.77
0.71
0.71
0.72
0.64
0.64
0.64
0.76
0.76
0.76
0.71
0.71
0.71
0.64
0.64
0.64
0.76
0.76
0.76
0.71
0.71
0.71
0.64
0.64
0.64
0.77
0.77
0.77
0.71
0.71
0.71
0.64
0.64
0.64
0.76
0.76
0.76
0.71
0.71
0.71
0.64
0.64
0.64
0.76
0.76
0.76
0.71
0.71
0.71
0.64
0.64
0.64
0.77
0.77
0.77
0.71
0.71
0.71
0.64
0.64
0.64
0.62
0.62
0.62
0.58
0.58
0.58
0.52
0.52
0.52
0.63
0.63
0.63
0.58
0.58
0.58
0.52
0.52
0.52
0.63
0.63
0.63
0.59
0.59
0.59
0.53
0.53
0.53
0.62
0.62
0.62
0.58
0.58
0.58
0.52
0.52
0.52
0.63
0.63
0.63
0.58
0.58
0.58
0.52
0.52
0.52
0.63
0.63
0.63
0.59
0.59
0.59
0.53
0.53
0.53
0.62
0.62
0.62
0.58
0.58
0.58
0.52
0.52
0.52
0.63
0.63
0.63
0.58
0.58
0.58
0.52
0.52
0.52
0.63
0.63
0.63
0.59
0.59
0.59
0.53
0.53
0.53
0.68
0.68
0.68
0.64
0.64
0.64
0.57
0.57
0.57
0.69
0.69
0.69
0.64
0.64
0.64
0.58
0.58
0.58
0.69
0.69
0.69
0.64
0.64
0.64
0.58
0.58
0.58
0.68
0.68
0.68
0.64
0.64
0.64
0.57
0.57
0.57
0.69
0.69
0.69
0.64
0.64
0.64
0.58
0.58
0.58
0.69
0.69
0.69
0.64
0.64
0.64
0.58
0.58
0.58
0.68
0.68
0.68
0.64
0.64
0.64
0.57
0.57
0.57
0.69
0.69
0.69
0.64
0.64
0.64
0.58
0.58
0.58
0.69
0.69
0.69
0.64
0.64
0.64
0.58
0.58
0.58
0.74
0.74
0.74
0.69
0.69
0.69
0.62
0.62
0.62
0.75
0.75
0.75
0.70
0.70
0.70
0.63
0.63
0.63
0.75
0.75
0.75
0.70
0.70
0.70
0.63
0.63
0.63
0.74
0.74
0.74
0.69
0.69
0.69
0.62
0.62
0.62
0.75
0.75
0.75
0.70
0.70
0.70
0.63
0.63
0.63
0.75
0.75
0.75
0.70
0.70
0.70
0.63
0.63
0.63
0.74
0.74
0.74
0.69
0.69
0.69
0.62
0.62
0.62
0.75
0.75
0.75
0.70
0.70
0.70
0.63
0.63
0.63
0.75
0.75
0.75
0.70
0.70
0.70
0.63
0.63
0.63
