0.87
0.87
0.87
0.80
0.80
0.80
0.74
0.74
0.74
0.87
0.87
0.87
0.81
0.81
0.81
0.75
0.75
0.75
0.88
0.88
0.88
0.81
0.81
0.81
0.75
0.75
0.75
0.87
0.87
0.87
0.80
0.80
0.80
0.74
0.74
0.74
0.87
0.87
0.87
0.81
0.81
0.81
0.75
0.75
0.75
0.88
0.88
0.88
0.81
0.81
0.81
0.75
0.75
0.75
0.87
0.87
0.87
0.80
0.80
0.80
0.74
0.74
0.74
0.87
0.87
0.87
0.81
0.81
0.81
0.75
0.75
0.75
0.88
0.88
0.88
0.81
0.81
0.81
0.75
0.75
0.75
0.94
0.94
0.94
0.87
0.87
0.87
0.81
0.81
0.81
0.95
0.95
0.95
0.88
0.88
0.88
0.81
0.81
0.81
0.95
0.95
0.95
0.88
0.88
0.88
0.82
0.82
0.82
0.94
0.94
0.94
0.87
0.87
0.87
0.81
0.81
0.81
0.95
0.95
0.95
0.88
0.88
0.88
0.81
0.81
0.81
0.95
0.95
0.95
0.88
0.88
0.88
0.82
0.82
0.82
0.94
0.94
0.94
0.87
0.87
0.87
0.81
0.81
0.81
0.95
0.95
0.95
0.88
0.88
0.88
0.81
0.81
0.81
0.95
0.95
0.95
0.88
0.88
0.88
0.82
0.82
0.82
1.17
1.40
1.46
0.94
0.94
0.94
0.87
0.87
0.87
1.18
1.43
1.49
0.95
0.95
0.95
0.88
0.88
0.88
1.19
1.43
1.49
0.95
0.95
0.95
0.88
0.88
0.88
1.02
1.02
1.02
0.94
0.94
0.94
0.87
0.87
0.87
1.02
1.02
1.02
0.95
0.95
0.95
0.88
0.88
0.88
1.03
1.03
1.03
0.95
0.95
0.95
0.88
0.88
0.88
1.02
1.02
1.02
0.94
0.94
0.94
0.87
0.87
0.87
1.02
1.02
1.02
0.95
0.95
0.95
0.88
0.88
0.88
1.03
1.03
1.03
0.95
0.95
0.95
0.88
0.88
0.88
0.84
0.84
0.84
0.78
0.78
0.78
0.72
0.72
0.72
0.85
0.85
0.85
0.79
0.79
0.79
0.73
0.73
0.73
0.85
0.85
0.85
0.79
0.79
0.79
0.73
0.73
0.73
0.84
0.84
0.84
0.78
0.78
0.78
0.72
0.72
0.72
0.85
0.85
0.85
0.79
0.79
0.79
0.73
0.73
0.73
0.85
0.85
0.85
0.79
0.79
0.79
0.73
0.73
0.73
0.84
0.84
0.84
0.78
0.78
0.78
0.72
0.72
0.72
0.85
0.85
0.85
0.79
0.79
0.79
0.73
0.73
0.73
0.85
0.85
0.85
0.79
0.79
0.79
0.73
0.73
0.73
0.92
0.92
0.92
0.85
0.85
0.85
0.79
0.79
0.79
0.92
0.92
0.92
0.85
0.85
0.85
0.79
0.79
0.79
0.93
0.93
0.93
0.86
0.86
0.86
0.80
0.80
0.80
0.92
0.92
0.92
0.85
0.85
0.85
0.79
0.79
0.79
0.92
0.92
0.92
0.85
0.85
0.85
0.79
0.79
0.79
0.93
0.93
0.93
0.86
0.86
0.86
0.80
0.80
0.80
0.92
0.92
0.92
0.85
0.85
0.85
0.79
0.79
0.79
0.92
0.92
0.92
0.85
0.85
0.85
0.79
0.79
0.79
0.93
0.93
0.93
0.86
0.86
0.86
0.80
0.80
0.80
1.14
1.37
1.42
0.91
0.91
0.91
0.85
0.85
0.85
1.15
1.39
1.44
0.92
0.92
0.92
0.86
0.86
0.86
1.15
1.39
1.45
0.92
0.92
0.92
0.86
0.86
0.86
0.99
0.99
0.99
0.91
0.91
0.91
0.85
0.85
0.85
1.00
1.00
1.00
0.92
0.92
0.92
0.86
0.86
0.86
1.00
1.00
1.00
0.92
0.92
0.92
0.86
0.86
0.86
0.99
0.99
0.99
0.91
0.91
0.91
0.85
0.85
0.85
1.00
1.00
1.00
0.92
0.92
0.92
0.86
0.86
0.86
1.00
1.00
1.00
0.92
0.92
0.92
0.86
0.86
0.86
0.84
0.84
0.84
0.78
0.78
0.78
0.72
0.72
0.72
0.85
0.85
0.85
0.79
0.79
0.79
0.73
0.73
0.73
0.85
0.85
0.85
0.79
0.79
0.79
0.73
0.73
0.73
0.84
0.84
0.84
0.78
0.78
0.78
0.72
0.72
0.72
0.85
0.85
0.85
0.79
0.79
0.79
0.73
0.73
0.73
0.85
0.85
0.85
0.79
0.79
0.79
0.73
0.73
0.73
0.84
0.84
0.84
0.78
0.78
0.78
0.72
0.72
0.72
0.85
0.85
0.85
0.79
0.79
0.79
0.73
0.73
0.73
0.85
0.85
0.85
0.79
0.79
0.79
0.73
0.73
0.73
0.92
0.92
0.92
0.85
0.85
0.85
0.79
0.79
0.79
0.92
0.92
0.92
0.85
0.85
0.85
0.79
0.79
0.79
0.93
0.93
0.93
0.86
0.86
0.86
0.80
0.80
0.80
0.92
0.92
0.92
0.85
0.85
0.85
0.79
0.79
0.79
0.92
0.92
0.92
0.85
0.85
0.85
0.79
0.79
0.79
0.93
0.93
0.93
0.86
0.86
0.86
0.80
0.80
0.80
0.92
0.92
0.92
0.85
0.85
0.85
0.79
0.79
0.79
0.92
0.92
0.92
0.85
0.85
0.85
0.79
0.79
0.79
0.93
0.93
0.93
0.86
0.86
0.86
0.80
0.80
0.80
1.14
1.37
1.42
0.91
0.91
0.91
0.85
0.85
0.85
1.15
1.39
1.44
0.92
0.92
0.92
0.86
0.86
0.86
1.15
1.39
1.45
0.92
0.92
0.92
0.86
0.86
0.86
0.99
0.99
0.99
0.91
0.91
0.91
0.85
0.85
0.85
1.00
1.00
1.00
0.92
0.92
0.92
0.86
0.86
0.86
1.00
1.00
1.00
0.92
0.92
0.92
0.86
0.86
0.86
0.99
0.99
0.99
0.91
0.91
0.91
0.85
0.85
0.85
1.00
1.00
1.00
0.92
0.92
0.92
0.86
0.86
0.86
1.00
1.00
1.00
0.92
0.92
0.92
0.86
0.86
0.86
