1.00
-1.00
-1.00
0.53
0.53
0.53
0.50
0.50
0.50
1.02
-1.00
-1.00
0.54
0.54
0.54
0.50
0.50
0.50
1.02
-1.00
-1.00
0.54
0.54
0.54
0.50
0.50
0.50
0.79
1.00
1.00
0.53
0.53
0.53
0.50
0.50
0.50
0.80
1.02
1.02
0.54
0.54
0.54
0.50
0.50
0.50
0.80
1.02
1.02
0.54
0.54
0.54
0.50
0.50
0.50
0.79
1.00
1.00
0.53
0.53
0.53
0.50
0.50
0.50
0.80
1.02
1.02
0.54
0.54
0.54
0.50
0.50
0.50
0.80
1.02
1.02
0.54
0.54
0.54
0.50
0.50
0.50
-1.00
-1.00
-1.00
1.00
-1.00
-1.00
0.55
0.57
0.60
-1.00
-1.00
-1.00
1.02
-1.00
-1.00
0.55
0.58
0.61
-1.00
-1.00
-1.00
1.02
-1.00
-1.00
0.55
0.58
0.61
-1.00
-1.00
-1.00
0.84
1.00
1.00
0.55
0.55
0.55
-1.00
-1.00
-1.00
0.85
1.02
1.02
0.55
0.55
0.55
-1.00
-1.00
-1.00
0.85
1.02
1.02
0.55
0.55
0.55
-1.00
-1.00
-1.00
0.84
1.00
1.00
0.55
0.55
0.55
-1.00
-1.00
-1.00
0.85
1.02
1.02
0.55
0.55
0.55
-1.00
-1.00
-1.00
0.85
1.02
1.02
0.55
0.55
0.55
-1.00
-1.00
-1.00
-1.00
-1.00
-1.00
1.00
-1.00
-1.00
-1.00
-1.00
-1.00
-1.00
-1.00
-1.00
1.02
-1.00
-1.00
-1.00
-1.00
-1.00
-1.00
-1.00
-1.00
1.02
-1.00
-1.00
-1.00
-1.00
-1.00
-1.00
-1.00
-1.00
0.86
1.00
1.00
-1.00
-1.00
-1.00
-1.00
-1.00
-1.00
0.88
1.02
1.02
-1.00
-1.00
-1.00
-1.00
-1.00
-1.00
0.88
1.02
1.02
-1.00
-1.00
-1.00
-1.00
-1.00
-1.00
0.86
1.00
1.00
-1.00
-1.00
-1.00
-1.00
-1.00
-1.00
0.88
1.02
1.02
-1.00
-1.00
-1.00
-1.00
-1.00
-1.00
0.88
1.02
1.02
0.98
-1.00
-1.00
0.52
0.52
0.52
0.49
0.49
0.49
1.00
-1.00
-1.00
0.53
0.53
0.53
0.49
0.49
0.49
1.00
-1.00
-1.00
0.53
0.53
0.53
0.49
0.49
0.49
0.77
0.98
0.98
0.52
0.52
0.52
0.49
0.49
0.49
0.78
1.00
1.00
0.53
0.53
0.53
0.49
0.49
0.49
0.79
1.00
1.00
0.53
0.53
0.53
0.49
0.49
0.49
0.77
0.98
0.98
0.52
0.52
0.52
0.49
0.49
0.49
0.78
1.00
1.00
0.53
0.53
0.53
0.49
0.49
0.49
0.79
1.00
1.00
0.53
0.53
0.53
0.49
0.49
0.49
-1.00
-1.00
-1.00
0.98
-1.00
-1.00
0.53
0.56
0.59
-1.00
-1.00
-1.00
1.00
-1.00
-1.00
0.54
0.56
0.60
-1.00
-1.00
-1.00
1.00
-1.00
-1.00
0.54
0.57
0.60
-1.00
-1.00
-1.00
0.82
0.98
0.98
0.53
0.53
0.53
-1.00
-1.00
-1.00
0.83
1.00
1.00
0.54
0.54
0.54
-1.00
-1.00
-1.00
0.83
1.00
1.00
0.54
0.54
0.54
-1.00
-1.00
-1.00
0.82
0.98
0.98
0.53
0.53
0.53
-1.00
-1.00
-1.00
0.83
1.00
1.00
0.54
0.54
0.54
-1.00
-1.00
-1.00
0.83
1.00
1.00
0.54
0.54
0.54
-1.00
-1.00
-1.00
-1.00
-1.00
-1.00
0.98
-1.00
-1.00
-1.00
-1.00
-1.00
-1.00
-1.00
-1.00
1.00
-1.00
-1.00
-1.00
-1.00
-1.00
-1.00
-1.00
-1.00
1.00
-1.00
-1.00
-1.00
-1.00
-1.00
-1.00
-1.00
-1.00
0.85
0.98
0.98
-1.00
-1.00
-1.00
-1.00
-1.00
-1.00
0.86
1.00
1.00
-1.00
-1.00
-1.00
-1.00
-1.00
-1.00
0.86
1.00
1.00
-1.00
-1.00
-1.00
-1.00
-1.00
-1.00
0.85
0.98
0.98
-1.00
-1.00
-1.00
-1.00
-1.00
-1.00
0.86
1.00
1.00
-1.00
-1.00
-1.00
-1.00
-1.00
-1.00
0.86
1.00
1.00
0.98
-1.00
-1.00
0.52
0.52
0.52
0.49
0.49
0.49
1.00
-1.00
-1.00
0.53
0.53
0.53
0.49
0.49
0.49
1.00
-1.00
-1.00
0.53
0.53
0.53
0.49
0.49
0.49
0.77
0.98
0.98
0.52
0.52
0.52
0.49
0.49
0.49
0.78
1.00
1.00
0.53
0.53
0.53
0.49
0.49
0.49
0.79
1.00
1.00
0.53
0.53
0.53
0.49
0.49
0.49
0.77
0.98
0.98
0.52
0.52
0.52
0.49
0.49
0.49
0.78
1.00
1.00
0.53
0.53
0.53
0.49
0.49
0.49
0.79
1.00
1.00
0.53
0.53
0.53
0.49
0.49
0.49
-1.00
-1.00
-1.00
0.98
-1.00
-1.00
0.53
0.56
0.59
-1.00
-1.00
-1.00
1.00
-1.00
-1.00
0.54
0.56
0.60
-1.00
-1.00
-1.00
1.00
-1.00
-1.00
0.54
0.57
0.60
-1.00
-1.00
-1.00
0.82
0.98
0.98
0.53
0.53
0.53
-1.00
-1.00
-1.00
0.83
1.00
1.00
0.54
0.54
0.54
-1.00
-1.00
-1.00
0.83
1.00
1.00
0.54
0.54
0.54
-1.00
-1.00
-1.00
0.82
0.98
0.98
0.53
0.53
0.53
-1.00
-1.00
-1.00
0.83
1.00
1.00
0.54
0.54
0.54
-1.00
-1.00
-1.00
0.83
1.00
1.00
0.54
0.54
0.54
-1.00
-1.00
-1.00
-1.00
-1.00
-1.00
0.98
-1.00
-1.00
-1.00
-1.00
-1.00
-1.00
-1.00
-1.00
1.00
-1.00
-1.00
-1.00
-1.00
-1.00
-1.00
-1.00
-1.00
1.00
-1.00
-1.00
-1.00
-1.00
-1.00
-1.00
-1.00
-1.00
0.85
0.98
0.98
-1.00
-1.00
-1.00
-1.00
-1.00
-1.00
0.86
1.00
1.00
-1.00
-1.00
-1.00
-1.00
-1.00
-1.00
0.86
1.00
1.00
-1.00
-1.00
-1.00
-1.00
-1.00
-1.00
0.85
0.98
0.98
-1.00
-1.00
-1.00
-1.00
-1.00
-1.00
0.86
1.00
1.00
-1.00
-1.00
-1.00
-1.00
-1.00
-1.00
0.86
1.00
1.00
