0.7981
0.7981
0.7981
0.6604
0.6604
0.6604
0.5633
0.5633
0.5633
0.8107
0.8107
0.8107
0.6709
0.6709
0.6709
0.5722
0.5722
0.5722
0.8234
0.8234
0.8234
0.6814
0.6814
0.6814
0.5812
0.5812
0.5812
0.7981
0.7981
0.7981
0.6604
0.6604
0.6604
0.5633
0.5633
0.5633
0.8107
0.8107
0.8107
0.6709
0.6709
0.6709
0.5722
0.5722
0.5722
0.8234
0.8234
0.8234
0.6814
0.6814
0.6814
0.5812
0.5812
0.5812
0.7981
0.7981
0.7981
0.6604
0.6604
0.6604
0.5633
0.5633
0.5633
0.8107
0.8107
0.8107
0.6709
0.6709
0.6709
0.5722
0.5722
0.5722
0.8234
0.8234
0.8234
0.6814
0.6814
0.6814
0.5812
0.5812
0.5812
0.8410
0.8410
0.8410
0.6960
0.6960
0.6960
0.5936
0.5936
0.5936
0.8544
0.8544
0.8544
0.7070
0.7070
0.7070
0.6030
0.6030
0.6030
0.8677
0.8677
0.8677
0.7181
0.7181
0.7181
0.6125
0.6125
0.6125
0.8410
0.8410
0.8410
0.6960
0.6960
0.6960
0.5936
0.5936
0.5936
0.8544
0.8544
0.8544
0.7070
0.7070
0.7070
0.6030
0.6030
0.6030
0.8677
0.8677
0.8677
0.7181
0.7181
0.7181
0.6125
0.6125
0.6125
0.8410
0.8410
0.8410
0.6960
0.6960
0.6960
0.5936
0.5936
0.5936
0.8544
0.8544
0.8544
0.7070
0.7070
0.7070
0.6030
0.6030
0.6030
0.8677
0.8677
0.8677
0.7181
0.7181
0.7181
0.6125
0.6125
0.6125
0.8840
0.8840
0.8840
0.7315
0.7315
0.7315
0.6239
0.6239
0.6239
0.8980
0.8980
0.8980
0.7432
0.7432
0.7432
0.6338
0.6338
0.6338
0.9120
0.9120
0.9120
0.7548
0.7548
0.7548
0.6438
0.6438
0.6438
0.8840
0.8840
0.8840
0.7315
0.7315
0.7315
0.6239
0.6239
0.6239
0.8980
0.8980
0.8980
0.7432
0.7432
0.7432
0.6338
0.6338
0.6338
0.9120
0.9120
0.9120
0.7548
0.7548
0.7548
0.6438
0.6438
0.6438
0.8840
0.8840
0.8840
0.7315
0.7315
0.7315
0.6239
0.6239
0.6239
0.8980
0.8980
0.8980
0.7432
0.7432
0.7432
0.6338
0.6338
0.6338
0.9120
0.9120
0.9120
0.7548
0.7548
0.7548
0.6438
0.6438
0.6438
0.7898
0.7898
0.7898
0.6536
0.6536
0.6536
0.5575
0.5575
0.5575
0.8024
0.8024
0.8024
0.6640
0.6640
0.6640
0.5663
0.5663
0.5663
0.8149
0.8149
0.8149
0.6744
0.6744
0.6744
0.5752
0.5752
0.5752
0.7898
0.7898
0.7898
0.6536
0.6536
0.6536
0.5575
0.5575
0.5575
0.8024
0.8024
0.8024
0.6640
0.6640
0.6640
0.5663
0.5663
0.5663
0.8149
0.8149
0.8149
0.6744
0.6744
0.6744
0.5752
0.5752
0.5752
0.7898
0.7898
0.7898
0.6536
0.6536
0.6536
0.5575
0.5575
0.5575
0.8024
0.8024
0.8024
0.6640
0.6640
0.6640
0.5663
0.5663
0.5663
0.8149
0.8149
0.8149
0.6744
0.6744
0.6744
0.5752
0.5752
0.5752
0.8323
0.8323
0.8323
0.6888
0.6888
0.6888
0.5875
0.5875
0.5875
0.8456
0.8456
0.8456
0.6997
0.6997
0.6997
0.5968
0.5968
0.5968
0.8588
0.8588
0.8588
0.7107
0.7107
0.7107
0.6061
0.6061
0.6061
0.8323
0.8323
0.8323
0.6888
0.6888
0.6888
0.5875
0.5875
0.5875
0.8456
0.8456
0.8456
0.6997
0.6997
0.6997
0.5968
0.5968
0.5968
0.8588
0.8588
0.8588
0.7107
0.7107
0.7107
0.6061
0.6061
0.6061
0.8323
0.8323
0.8323
0.6888
0.6888
0.6888
0.5875
0.5875
0.5875
0.8456
0.8456
0.8456
0.6997
0.6997
0.6997
0.5968
0.5968
0.5968
0.8588
0.8588
0.8588
0.7107
0.7107
0.7107
0.6061
0.6061
0.6061
0.8749
0.8749
0.8749
0.7240
0.7240
0.7240
0.6175
0.6175
0.6175
0.8887
0.8887
0.8887
0.7355
0.7355
0.7355
0.6273
0.6273
0.6273
0.9026
0.9026
0.9026
0.7470
0.7470
0.7470
0.6371
0.6371
0.6371
0.8749
0.8749
0.8749
0.7240
0.7240
0.7240
0.6175
0.6175
0.6175
0.8887
0.8887
0.8887
0.7355
0.7355
0.7355
0.6273
0.6273
0.6273
0.9026
0.9026
0.9026
0.7470
0.7470
0.7470
0.6371
0.6371
0.6371
0.8749
0.8749
0.8749
0.7240
0.7240
0.7240
0.6175
0.6175
0.6175
0.8887
0.8887
0.8887
0.7355
0.7355
0.7355
0.6273
0.6273
0.6273
0.9026
0.9026
0.9026
0.7470
0.7470
0.7470
0.6371
0.6371
0.6371
0.7818
0.7818
0.7818
0.6469
0.6469
0.6469
0.5518
0.5518
0.5518
0.7942
0.7942
0.7942
0.6572
0.6572
0.6572
0.5605
0.5605
0.5605
0.8066
0.8066
0.8066
0.6675
0.6675
0.6675
0.5693
0.5693
0.5693
0.7818
0.7818
0.7818
0.6469
0.6469
0.6469
0.5518
0.5518
0.5518
0.7942
0.7942
0.7942
0.6572
0.6572
0.6572
0.5605
0.5605
0.5605
0.8066
0.8066
0.8066
0.6675
0.6675
0.6675
0.5693
0.5693
0.5693
0.7818
0.7818
0.7818
0.6469
0.6469
0.6469
0.5518
0.5518
0.5518
0.7942
0.7942
0.7942
0.6572
0.6572
0.6572
0.5605
0.5605
0.5605
0.8066
0.8066
0.8066
0.6675
0.6675
0.6675
0.5693
0.5693
0.5693
0.8238
0.8238
0.8238
0.6818
0.6818
0.6818
0.5815
0.5815
0.5815
0.8369
0.8369
0.8369
0.6926
0.6926
0.6926
0.5907
0.5907
0.5907
0.8500
0.8500
0.8500
0.7034
0.7034
0.7034
0.6000
0.6000
0.6000
0.8238
0.8238
0.8238
0.6818
0.6818
0.6818
0.5815
0.5815
0.5815
0.8369
0.8369
0.8369
0.6926
0.6926
0.6926
0.5907
0.5907
0.5907
0.8500
0.8500
0.8500
0.7034
0.7034
0.7034
0.6000
0.6000
0.6000
0.8238
0.8238
0.8238
0.6818
0.6818
0.6818
0.5815
0.5815
0.5815
0.8369
0.8369
0.8369
0.6926
0.6926
0.6926
0.5907
0.5907
0.5907
0.8500
0.8500
0.8500
0.7034
0.7034
0.7034
0.6000
0.6000
0.6000
0.8659
0.8659
0.8659
0.7166
0.7166
0.7166
0.6112
0.6112
0.6112
0.8797
0.8797
0.8797
0.7280
0.7280
0.7280
0.6209
0.6209
0.6209
0.8934
0.8934
0.8934
0.7393
0.7393
0.7393
0.6306
0.6306
0.6306
0.8659
0.8659
0.8659
0.7166
0.7166
0.7166
0.6112
0.6112
0.6112
0.8797
0.8797
0.8797
0.7280
0.7280
0.7280
0.6209
0.6209
0.6209
0.8934
0.8934
0.8934
0.7393
0.7393
0.7393
0.6306
0.6306
0.6306
0.8659
0.8659
0.8659
0.7166
0.7166
0.7166
0.6112
0.6112
0.6112
0.8797
0.8797
0.8797
0.7280
0.7280
0.7280
0.6209
0.6209
0.6209
0.8934
0.8934
0.8934
0.7393
0.7393
0.7393
0.6306
0.6306
0.6306
