0.9064
0.9064
0.9064
0.7501
0.7501
0.7501
0.6398
0.6398
0.6398
0.9208
0.9208
0.9208
0.7620
0.7620
0.7620
0.6499
0.6499
0.6499
0.9352
0.9352
0.9352
0.7739
0.7739
0.7739
0.6601
0.6601
0.6601
0.9064
0.9064
0.9064
0.7501
0.7501
0.7501
0.6398
0.6398
0.6398
0.9208
0.9208
0.9208
0.7620
0.7620
0.7620
0.6499
0.6499
0.6499
0.9352
0.9352
0.9352
0.7739
0.7739
0.7739
0.6601
0.6601
0.6601
0.9064
0.9064
0.9064
0.7501
0.7501
0.7501
0.6398
0.6398
0.6398
0.9208
0.9208
0.9208
0.7620
0.7620
0.7620
0.6499
0.6499
0.6499
0.9352
0.9352
0.9352
0.7739
0.7739
0.7739
0.6601
0.6601
0.6601
0.9212
0.9212
0.9212
0.7623
0.7623
0.7623
0.6502
0.6502
0.6502
0.9358
0.9358
0.9358
0.7744
0.7744
0.7744
0.6605
0.6605
0.6605
0.9505
0.9505
0.9505
0.7866
0.7866
0.7866
0.6709
0.6709
0.6709
0.9212
0.9212
0.9212
0.7623
0.7623
0.7623
0.6502
0.6502
0.6502
0.9358
0.9358
0.9358
0.7744
0.7744
0.7744
0.6605
0.6605
0.6605
0.9505
0.9505
0.9505
0.7866
0.7866
0.7866
0.6709
0.6709
0.6709
0.9212
0.9212
0.9212
0.7623
0.7623
0.7623
0.6502
0.6502
0.6502
0.9358
0.9358
0.9358
0.7744
0.7744
0.7744
0.6605
0.6605
0.6605
0.9505
0.9505
0.9505
0.7866
0.7866
0.7866
0.6709
0.6709
0.6709
0.9360
0.9360
0.9360
0.7746
0.7746
0.7746
0.6607
0.6607
0.6607
0.9509
0.9509
0.9509
0.7869
0.7869
0.7869
0.6711
0.6711
0.6711
0.9657
0.9657
0.9657
0.7992
0.7992
0.7992
0.6816
0.6816
0.6816
0.9360
0.9360
0.9360
0.7746
0.7746
0.7746
0.6607
0.6607
0.6607
0.9509
0.9509
0.9509
0.7869
0.7869
0.7869
0.6711
0.6711
0.6711
0.9657
0.9657
0.9657
0.7992
0.7992
0.7992
0.6816
0.6816
0.6816
0.9360
0.9360
0.9360
0.7746
0.7746
0.7746
0.6607
0.6607
0.6607
0.9509
0.9509
0.9509
0.7869
0.7869
0.7869
0.6711
0.6711
0.6711
0.9657
0.9657
0.9657
0.7992
0.7992
0.7992
0.6816
0.6816
0.6816
0.8994
0.8994
0.8994
0.7443
0.7443
0.7443
0.6348
0.6348
0.6348
0.9137
0.9137
0.9137
0.7561
0.7561
0.7561
0.6449
0.6449
0.6449
0.9280
0.9280
0.9280
0.7679
0.7679
0.7679
0.6550
0.6550
0.6550
0.8994
0.8994
0.8994
0.7443
0.7443
0.7443
0.6348
0.6348
0.6348
0.9137
0.9137
0.9137
0.7561
0.7561
0.7561
0.6449
0.6449
0.6449
0.9280
0.9280
0.9280
0.7679
0.7679
0.7679
0.6550
0.6550
0.6550
0.8994
0.8994
0.8994
0.7443
0.7443
0.7443
0.6348
0.6348
0.6348
0.9137
0.9137
0.9137
0.7561
0.7561
0.7561
0.6449
0.6449
0.6449
0.9280
0.9280
0.9280
0.7679
0.7679
0.7679
0.6550
0.6550
0.6550
0.9141
0.9141
0.9141
0.7565
0.7565
0.7565
0.6452
0.6452
0.6452
0.9286
0.9286
0.9286
0.7685
0.7685
0.7685
0.6554
0.6554
0.6554
0.9431
0.9431
0.9431
0.7805
0.7805
0.7805
0.6657
0.6657
0.6657
0.9141
0.9141
0.9141
0.7565
0.7565
0.7565
0.6452
0.6452
0.6452
0.9286
0.9286
0.9286
0.7685
0.7685
0.7685
0.6554
0.6554
0.6554
0.9431
0.9431
0.9431
0.7805
0.7805
0.7805
0.6657
0.6657
0.6657
0.9141
0.9141
0.9141
0.7565
0.7565
0.7565
0.6452
0.6452
0.6452
0.9286
0.9286
0.9286
0.7685
0.7685
0.7685
0.6554
0.6554
0.6554
0.9431
0.9431
0.9431
0.7805
0.7805
0.7805
0.6657
0.6657
0.6657
0.9288
0.9288
0.9288
0.7686
0.7686
0.7686
0.6556
0.6556
0.6556
0.9435
0.9435
0.9435
0.7808
0.7808
0.7808
0.6660
0.6660
0.6660
0.9583
0.9583
0.9583
0.7930
0.7930
0.7930
0.6764
0.6764
0.6764
0.9288
0.9288
0.9288
0.7686
0.7686
0.7686
0.6556
0.6556
0.6556
0.9435
0.9435
0.9435
0.7808
0.7808
0.7808
0.6660
0.6660
0.6660
0.9583
0.9583
0.9583
0.7930
0.7930
0.7930
0.6764
0.6764
0.6764
0.9288
0.9288
0.9288
0.7686
0.7686
0.7686
0.6556
0.6556
0.6556
0.9435
0.9435
0.9435
0.7808
0.7808
0.7808
0.6660
0.6660
0.6660
0.9583
0.9583
0.9583
0.7930
0.7930
0.7930
0.6764
0.6764
0.6764
0.8925
0.8925
0.8925
0.7386
0.7386
0.7386
0.6300
0.6300
0.6300
0.9067
0.9067
0.9067
0.7503
0.7503
0.7503
0.6400
0.6400
0.6400
0.9209
0.9209
0.9209
0.7621
0.7621
0.7621
0.6500
0.6500
0.6500
0.8925
0.8925
0.8925
0.7386
0.7386
0.7386
0.6300
0.6300
0.6300
0.9067
0.9067
0.9067
0.7503
0.7503
0.7503
0.6400
0.6400
0.6400
0.9209
0.9209
0.9209
0.7621
0.7621
0.7621
0.6500
0.6500
0.6500
0.8925
0.8925
0.8925
0.7386
0.7386
0.7386
0.6300
0.6300
0.6300
0.9067
0.9067
0.9067
0.7503
0.7503
0.7503
0.6400
0.6400
0.6400
0.9209
0.9209
0.9209
0.7621
0.7621
0.7621
0.6500
0.6500
0.6500
0.9071
0.9071
0.9071
0.7507
0.7507
0.7507
0.6403
0.6403
0.6403
0.9215
0.9215
0.9215
0.7626
0.7626
0.7626
0.6504
0.6504
0.6504
0.9359
0.9359
0.9359
0.7745
0.7745
0.7745
0.6606
0.6606
0.6606
0.9071
0.9071
0.9071
0.7507
0.7507
0.7507
0.6403
0.6403
0.6403
0.9215
0.9215
0.9215
0.7626
0.7626
0.7626
0.6504
0.6504
0.6504
0.9359
0.9359
0.9359
0.7745
0.7745
0.7745
0.6606
0.6606
0.6606
0.9071
0.9071
0.9071
0.7507
0.7507
0.7507
0.6403
0.6403
0.6403
0.9215
0.9215
0.9215
0.7626
0.7626
0.7626
0.6504
0.6504
0.6504
0.9359
0.9359
0.9359
0.7745
0.7745
0.7745
0.6606
0.6606
0.6606
0.9216
0.9216
0.9216
0.7627
0.7627
0.7627
0.6505
0.6505
0.6505
0.9363
0.9363
0.9363
0.7748
0.7748
0.7748
0.6609
0.6609
0.6609
0.9509
0.9509
0.9509
0.7869
0.7869
0.7869
0.6712
0.6712
0.6712
0.9216
0.9216
0.9216
0.7627
0.7627
0.7627
0.6505
0.6505
0.6505
0.9363
0.9363
0.9363
0.7748
0.7748
0.7748
0.6609
0.6609
0.6609
0.9509
0.9509
0.9509
0.7869
0.7869
0.7869
0.6712
0.6712
0.6712
0.9216
0.9216
0.9216
0.7627
0.7627
0.7627
0.6505
0.6505
0.6505
0.9363
0.9363
0.9363
0.7748
0.7748
0.7748
0.6609
0.6609
0.6609
0.9509
0.9509
0.9509
0.7869
0.7869
0.7869
0.6712
0.6712
0.6712
