1.0000
1.0001
1.0002
0.8219
0.8219
0.8219
0.6880
0.6880
0.6880
1.0365
1.0365
1.0365
0.8349
0.8349
0.8349
0.6990
0.6990
0.6990
1.0527
1.0527
1.0527
0.8479
0.8479
0.8479
0.7099
0.7099
0.7099
1.0000
1.0000
1.0001
0.8219
0.8219
0.8219
0.6880
0.6880
0.6880
1.0365
1.0365
1.0365
0.8349
0.8349
0.8349
0.6990
0.6990
0.6990
1.0527
1.0527
1.0527
0.8479
0.8479
0.8479
0.7099
0.7099
0.7099
1.0000
1.0000
1.0000
0.8219
0.8219
0.8219
0.6880
0.6880
0.6880
1.0365
1.0365
1.0365
0.8349
0.8349
0.8349
0.6990
0.6990
0.6990
1.0527
1.0527
1.0527
0.8479
0.8479
0.8479
0.7099
0.7099
0.7099
1.1020
1.1022
1.1024
0.8999
0.8999
0.8999
0.7534
0.7534
0.7534
1.1349
1.1349
1.1349
0.9142
0.9142
0.9142
0.7653
0.7653
0.7653
1.1527
1.1527
1.1527
0.9285
0.9285
0.9285
0.7773
0.7773
0.7773
1.1019
1.1021
1.1023
0.8999
0.8999
0.8999
0.7534
0.7534
0.7534
1.1349
1.1349
1.1349
0.9142
0.9142
0.9142
0.7653
0.7653
0.7653
1.1527
1.1527
1.1527
0.9285
0.9285
0.9285
0.7773
0.7773
0.7773
1.1018
1.1020
1.1022
0.8999
0.8999
0.8999
0.7534
0.7534
0.7534
1.1349
1.1349
1.1349
0.9142
0.9142
0.9142
0.7653
0.7653
0.7653
1.1527
1.1527
1.1527
0.9285
0.9285
0.9285
0.7773
0.7773
0.7773
1.2040
1.2043
1.2046
0.9780
0.9780
0.9780
0.8187
0.8187
0.8187
1.2368
1.2368
1.2368
0.9935
0.9935
0.9935
0.8317
0.8317
0.8317
1.2561
1.2561
1.2561
1.0090
1.0090
1.0090
0.8447
0.8447
0.8447
1.2039
1.2042
1.2045
0.9780
0.9780
0.9780
0.8187
0.8187
0.8187
1.2368
1.2368
1.2368
0.9935
0.9935
0.9935
0.8317
0.8317
0.8317
1.2561
1.2561
1.2561
1.0090
1.0090
1.0090
0.8447
0.8447
0.8447
1.2038
1.2041
1.2044
0.9780
0.9780
0.9780
0.8187
0.8187
0.8187
1.2368
1.2368
1.2368
0.9935
0.9935
0.9935
0.8317
0.8317
0.8317
1.2561
1.2561
1.2561
1.0090
1.0090
1.0090
0.8447
0.8447
0.8447
0.9714
0.9715
0.9716
0.7983
0.7983
0.7983
0.6683
0.6683
0.6683
1.0068
1.0068
1.0068
0.8110
0.8110
0.8110
0.6789
0.6789
0.6789
1.0225
1.0225
1.0225
0.8237
0.8237
0.8237
0.6895
0.6895
0.6895
0.9714
0.9714
0.9715
0.7983
0.7983
0.7983
0.6683
0.6683
0.6683
1.0068
1.0068
1.0068
0.8110
0.8110
0.8110
0.6789
0.6789
0.6789
1.0225
1.0225
1.0225
0.8237
0.8237
0.8237
0.6895
0.6895
0.6895
0.9714
0.9714
0.9714
0.7983
0.7983
0.7983
0.6683
0.6683
0.6683
1.0068
1.0068
1.0068
0.8110
0.8110
0.8110
0.6789
0.6789
0.6789
1.0225
1.0225
1.0225
0.8237
0.8237
0.8237
0.6895
0.6895
0.6895
1.0704
1.0706
1.0708
0.8741
0.8741
0.8741
0.7318
0.7318
0.7318
1.1024
1.1024
1.1024
0.8880
0.8880
0.8880
0.7434
0.7434
0.7434
1.1197
1.1197
1.1197
0.9019
0.9019
0.9019
0.7550
0.7550
0.7550
1.0704
1.0705
1.0707
0.8741
0.8741
0.8741
0.7318
0.7318
0.7318
1.1024
1.1024
1.1024
0.8880
0.8880
0.8880
0.7434
0.7434
0.7434
1.1197
1.1197
1.1197
0.9019
0.9019
0.9019
0.7550
0.7550
0.7550
1.0703
1.0705
1.0706
0.8741
0.8741
0.8741
0.7318
0.7318
0.7318
1.1024
1.1024
1.1024
0.8880
0.8880
0.8880
0.7434
0.7434
0.7434
1.1197
1.1197
1.1197
0.9019
0.9019
0.9019
0.7550
0.7550
0.7550
1.1695
1.1698
1.1701
0.9500
0.9500
0.9500
0.7953
0.7953
0.7953
1.2014
1.2014
1.2014
0.9651
0.9651
0.9651
0.8079
0.8079
0.8079
1.2201
1.2201
1.2201
0.9801
0.9801
0.9801
0.8205
0.8205
0.8205
1.1694
1.1697
1.1700
0.9500
0.9500
0.9500
0.7953
0.7953
0.7953
1.2014
1.2014
1.2014
0.9651
0.9651
0.9651
0.8079
0.8079
0.8079
1.2201
1.2201
1.2201
0.9801
0.9801
0.9801
0.8205
0.8205
0.8205
1.1693
1.1696
1.1699
0.9500
0.9500
0.9500
0.7953
0.7953
0.7953
1.2014
1.2014
1.2014
0.9651
0.9651
0.9651
0.8079
0.8079
0.8079
1.2201
1.2201
1.2201
0.9801
0.9801
0.9801
0.8205
0.8205
0.8205
0.9443
0.9444
0.9445
0.7761
0.7761
0.7761
0.6497
0.6497
0.6497
0.9788
0.9788
0.9788
0.7884
0.7884
0.7884
0.6600
0.6600
0.6600
0.9941
0.9941
0.9941
0.8007
0.8007
0.8007
0.6703
0.6703
0.6703
0.9443
0.9443
0.9444
0.7761
0.7761
0.7761
0.6497
0.6497
0.6497
0.9788
0.9788
0.9788
0.7884
0.7884
0.7884
0.6600
0.6600
0.6600
0.9941
0.9941
0.9941
0.8007
0.8007
0.8007
0.6703
0.6703
0.6703
0.9443
0.9443
0.9443
0.7761
0.7761
0.7761
0.6497
0.6497
0.6497
0.9788
0.9788
0.9788
0.7884
0.7884
0.7884
0.6600
0.6600
0.6600
0.9941
0.9941
0.9941
0.8007
0.8007
0.8007
0.6703
0.6703
0.6703
1.0406
1.0408
1.0410
0.8498
0.8498
0.8498
0.7114
0.7114
0.7114
1.0717
1.0717
1.0717
0.8633
0.8633
0.8633
0.7227
0.7227
0.7227
1.0885
1.0885
1.0885
0.8768
0.8768
0.8768
0.7340
0.7340
0.7340
1.0406
1.0407
1.0409
0.8498
0.8498
0.8498
0.7114
0.7114
0.7114
1.0717
1.0717
1.0717
0.8633
0.8633
0.8633
0.7227
0.7227
0.7227
1.0885
1.0885
1.0885
0.8768
0.8768
0.8768
0.7340
0.7340
0.7340
1.0405
1.0407
1.0408
0.8498
0.8498
0.8498
0.7114
0.7114
0.7114
1.0717
1.0717
1.0717
0.8633
0.8633
0.8633
0.7227
0.7227
0.7227
1.0885
1.0885
1.0885
0.8768
0.8768
0.8768
0.7340
0.7340
0.7340
1.1369
1.1372
1.1375
0.9235
0.9235
0.9235
0.7731
0.7731
0.7731
1.1679
1.1679
1.1679
0.9382
0.9382
0.9382
0.7854
0.7854
0.7854
1.1862
1.1862
1.1862
0.9528
0.9528
0.9528
0.7977
0.7977
0.7977
1.1369
1.1371
1.1374
0.9235
0.9235
0.9235
0.7731
0.7731
0.7731
1.1679
1.1679
1.1679
0.9382
0.9382
0.9382
0.7854
0.7854
0.7854
1.1862
1.1862
1.1862
0.9528
0.9528
0.9528
0.7977
0.7977
0.7977
1.1368
1.1371
1.1374
0.9235
0.9235
0.9235
0.7731
0.7731
0.7731
1.1679
1.1679
1.1679
0.9382
0.9382
0.9382
0.7854
0.7854
0.7854
1.1862
1.1862
1.1862
0.9528
0.9528
0.9528
0.7977
0.7977
0.7977
