1.0000
-1.0000
-1.0000
0.8276
0.8276
0.8276
0.7058
0.7058
0.7058
1.0159
-1.0000
-1.0000
0.8407
0.8407
0.8407
0.7170
0.7170
0.7170
1.0317
-1.0000
-1.0000
0.8538
0.8538
0.8538
0.7282
0.7282
0.7282
1.0000
1.0000
-1.0000
0.8276
0.8276
0.8276
0.7058
0.7058
0.7058
1.0159
1.0159
-1.0000
0.8407
0.8407
0.8407
0.7170
0.7170
0.7170
1.0317
1.0317
-1.0000
0.8538
0.8538
0.8538
0.7282
0.7282
0.7282
1.0000
1.0000
1.0000
0.8276
0.8276
0.8276
0.7058
0.7058
0.7058
1.0159
1.0159
1.0159
0.8407
0.8407
0.8407
0.7170
0.7170
0.7170
1.0317
1.0317
1.0317
0.8538
0.8538
0.8538
0.7282
0.7282
0.7282
-1.0000
-1.0000
-1.0000
1.0000
-1.0000
-1.0000
0.8529
0.8529
0.8529
-1.0000
-1.0000
-1.0000
1.0159
-1.0000
-1.0000
0.8665
0.8665
0.8665
-1.0000
-1.0000
-1.0000
1.0317
-1.0000
-1.0000
0.8800
0.8800
0.8800
-1.0000
-1.0000
-1.0000
1.0000
1.0000
-1.0000
0.8529
0.8529
0.8529
-1.0000
-1.0000
-1.0000
1.0159
1.0159
-1.0000
0.8665
0.8665
0.8665
-1.0000
-1.0000
-1.0000
1.0317
1.0317
-1.0000
0.8800
0.8800
0.8800
-1.0000
-1.0000
-1.0000
1.0000
1.0000
1.0000
0.8529
0.8529
0.8529
-1.0000
-1.0000
-1.0000
1.0159
1.0159
1.0159
0.8665
0.8665
0.8665
-1.0000
-1.0000
-1.0000
1.0317
1.0317
1.0317
0.8800
0.8800
0.8800
-1.0000
-1.0000
-1.0000
-1.0000
-1.0000
-1.0000
1.0000
-1.0000
-1.0000
-1.0000
-1.0000
-1.0000
-1.0000
-1.0000
-1.0000
1.0159
-1.0000
-1.0000
-1.0000
-1.0000
-1.0000
-1.0000
-1.0000
-1.0000
1.0317
-1.0000
-1.0000
-1.0000
-1.0000
-1.0000
-1.0000
-1.0000
-1.0000
1.0000
1.0000
-1.0000
-1.0000
-1.0000
-1.0000
-1.0000
-1.0000
-1.0000
1.0159
1.0159
-1.0000
-1.0000
-1.0000
-1.0000
-1.0000
-1.0000
-1.0000
1.0317
1.0317
-1.0000
-1.0000
-1.0000
-1.0000
-1.0000
-1.0000
-1.0000
1.0000
1.0000
1.0000
-1.0000
-1.0000
-1.0000
-1.0000
-1.0000
-1.0000
1.0159
1.0159
1.0159
-1.0000
-1.0000
-1.0000
-1.0000
-1.0000
-1.0000
1.0317
1.0317
1.0317
0.9844
-1.0000
-1.0000
0.8146
0.8146
0.8146
0.6948
0.6948
0.6948
1.0000
-1.0000
-1.0000
0.8276
0.8276
0.8276
0.7058
0.7058
0.7058
1.0156
-1.0000
-1.0000
0.8405
0.8405
0.8405
0.7169
0.7169
0.7169
0.9844
0.9844
-1.0000
0.8146
0.8146
0.8146
0.6948
0.6948
0.6948
1.0000
1.0000
-1.0000
0.8276
0.8276
0.8276
0.7058
0.7058
0.7058
1.0156
1.0156
-1.0000
0.8405
0.8405
0.8405
0.7169
0.7169
0.7169
0.9844
0.9844
0.9844
0.8146
0.8146
0.8146
0.6948
0.6948
0.6948
1.0000
1.0000
1.0000
0.8276
0.8276
0.8276
0.7058
0.7058
0.7058
1.0156
1.0156
1.0156
0.8405
0.8405
0.8405
0.7169
0.7169
0.7169
-1.0000
-1.0000
-1.0000
0.9844
-1.0000
-1.0000
0.8396
0.8396
0.8396
-1.0000
-1.0000
-1.0000
1.0000
-1.0000
-1.0000
0.8529
0.8529
0.8529
-1.0000
-1.0000
-1.0000
1.0156
-1.0000
-1.0000
0.8662
0.8662
0.8662
-1.0000
-1.0000
-1.0000
0.9844
0.9844
-1.0000
0.8396
0.8396
0.8396
-1.0000
-1.0000
-1.0000
1.0000
1.0000
-1.0000
0.8529
0.8529
0.8529
-1.0000
-1.0000
-1.0000
1.0156
1.0156
-1.0000
0.8662
0.8662
0.8662
-1.0000
-1.0000
-1.0000
0.9844
0.9844
0.9844
0.8396
0.8396
0.8396
-1.0000
-1.0000
-1.0000
1.0000
1.0000
1.0000
0.8529
0.8529
0.8529
-1.0000
-1.0000
-1.0000
1.0156
1.0156
1.0156
0.8662
0.8662
0.8662
-1.0000
-1.0000
-1.0000
-1.0000
-1.0000
-1.0000
0.9844
-1.0000
-1.0000
-1.0000
-1.0000
-1.0000
-1.0000
-1.0000
-1.0000
1.0000
-1.0000
-1.0000
-1.0000
-1.0000
-1.0000
-1.0000
-1.0000
-1.0000
1.0156
-1.0000
-1.0000
-1.0000
-1.0000
-1.0000
-1.0000
-1.0000
-1.0000
0.9844
0.9844
-1.0000
-1.0000
-1.0000
-1.0000
-1.0000
-1.0000
-1.0000
1.0000
1.0000
-1.0000
-1.0000
-1.0000
-1.0000
-1.0000
-1.0000
-1.0000
1.0156
1.0156
-1.0000
-1.0000
-1.0000
-1.0000
-1.0000
-1.0000
-1.0000
0.9844
0.9844
0.9844
-1.0000
-1.0000
-1.0000
-1.0000
-1.0000
-1.0000
1.0000
1.0000
1.0000
-1.0000
-1.0000
-1.0000
-1.0000
-1.0000
-1.0000
1.0156
1.0156
1.0156
0.9692
-1.0000
-1.0000
0.8021
0.8021
0.8021
0.6841
0.6841
0.6841
0.9846
-1.0000
-1.0000
0.8148
0.8148
0.8148
0.6950
0.6950
0.6950
1.0000
-1.0000
-1.0000
0.8276
0.8276
0.8276
0.7058
0.7058
0.7058
0.9692
0.9692
-1.0000
0.8021
0.8021
0.8021
0.6841
0.6841
0.6841
0.9846
0.9846
-1.0000
0.8148
0.8148
0.8148
0.6950
0.6950
0.6950
1.0000
1.0000
-1.0000
0.8276
0.8276
0.8276
0.7058
0.7058
0.7058
0.9692
0.9692
0.9692
0.8021
0.8021
0.8021
0.6841
0.6841
0.6841
0.9846
0.9846
0.9846
0.8148
0.8148
0.8148
0.6950
0.6950
0.6950
1.0000
1.0000
1.0000
0.8276
0.8276
0.8276
0.7058
0.7058
0.7058
-1.0000
-1.0000
-1.0000
0.9692
-1.0000
-1.0000
0.8267
0.8267
0.8267
-1.0000
-1.0000
-1.0000
0.9846
-1.0000
-1.0000
0.8398
0.8398
0.8398
-1.0000
-1.0000
-1.0000
1.0000
-1.0000
-1.0000
0.8529
0.8529
0.8529
-1.0000
-1.0000
-1.0000
0.9692
0.9692
-1.0000
0.8267
0.8267
0.8267
-1.0000
-1.0000
-1.0000
0.9846
0.9846
-1.0000
0.8398
0.8398
0.8398
-1.0000
-1.0000
-1.0000
1.0000
1.0000
-1.0000
0.8529
0.8529
0.8529
-1.0000
-1.0000
-1.0000
0.9692
0.9692
0.9692
0.8267
0.8267
0.8267
-1.0000
-1.0000
-1.0000
0.9846
0.9846
0.9846
0.8398
0.8398
0.8398
-1.0000
-1.0000
-1.0000
1.0000
1.0000
1.0000
0.8529
0.8529
0.8529
-1.0000
-1.0000
-1.0000
-1.0000
-1.0000
-1.0000
0.9692
-1.0000
-1.0000
-1.0000
-1.0000
-1.0000
-1.0000
-1.0000
-1.0000
0.9846
-1.0000
-1.0000
-1.0000
-1.0000
-1.0000
-1.0000
-1.0000
-1.0000
1.0000
-1.0000
-1.0000
-1.0000
-1.0000
-1.0000
-1.0000
-1.0000
-1.0000
0.9692
0.9692
-1.0000
-1.0000
-1.0000
-1.0000
-1.0000
-1.0000
-1.0000
0.9846
0.9846
-1.0000
-1.0000
-1.0000
-1.0000
-1.0000
-1.0000
-1.0000
1.0000
1.0000
-1.0000
-1.0000
-1.0000
-1.0000
-1.0000
-1.0000
-1.0000
0.9692
0.9692
0.9692
-1.0000
-1.0000
-1.0000
-1.0000
-1.0000
-1.0000
0.9846
0.9846
0.9846
-1.0000
-1.0000
-1.0000
-1.0000
-1.0000
-1.0000
1.0000
1.0000
1.0000
