0.9103
0.9103
0.9103
0.7533
0.7533
0.7533
0.6425
0.6425
0.6425
0.9247
0.9247
0.9247
0.7653
0.7653
0.7653
0.6527
0.6527
0.6527
0.9392
0.9392
0.9392
0.7772
0.7772
0.7772
0.6629
0.6629
0.6629
0.9103
0.9103
0.9103
0.7533
0.7533
0.7533
0.6425
0.6425
0.6425
0.9247
0.9247
0.9247
0.7653
0.7653
0.7653
0.6527
0.6527
0.6527
0.9392
0.9392
0.9392
0.7772
0.7772
0.7772
0.6629
0.6629
0.6629
0.9103
0.9103
0.9103
0.7533
0.7533
0.7533
0.6425
0.6425
0.6425
0.9247
0.9247
0.9247
0.7653
0.7653
0.7653
0.6527
0.6527
0.6527
0.9392
0.9392
0.9392
0.7772
0.7772
0.7772
0.6629
0.6629
0.6629
0.9233
0.9233
0.9233
0.7641
0.7641
0.7641
0.6517
0.6517
0.6517
0.9380
0.9380
0.9380
0.7763
0.7763
0.7763
0.6621
0.6621
0.6621
0.9527
0.9527
0.9527
0.7884
0.7884
0.7884
0.6724
0.6724
0.6724
0.9233
0.9233
0.9233
0.7641
0.7641
0.7641
0.6517
0.6517
0.6517
0.9380
0.9380
0.9380
0.7763
0.7763
0.7763
0.6621
0.6621
0.6621
0.9527
0.9527
0.9527
0.7884
0.7884
0.7884
0.6724
0.6724
0.6724
0.9233
0.9233
0.9233
0.7641
0.7641
0.7641
0.6517
0.6517
0.6517
0.9380
0.9380
0.9380
0.7763
0.7763
0.7763
0.6621
0.6621
0.6621
0.9527
0.9527
0.9527
0.7884
0.7884
0.7884
0.6724
0.6724
0.6724
0.9364
0.9364
0.9364
0.7749
0.7749
0.7749
0.6610
0.6610
0.6610
0.9513
0.9513
0.9513
0.7872
0.7872
0.7872
0.6714
0.6714
0.6714
0.9661
0.9661
0.9661
0.7995
0.7995
0.7995
0.6819
0.6819
0.6819
0.9364
0.9364
0.9364
0.7749
0.7749
0.7749
0.6610
0.6610
0.6610
0.9513
0.9513
0.9513
0.7872
0.7872
0.7872
0.6714
0.6714
0.6714
0.9661
0.9661
0.9661
0.7995
0.7995
0.7995
0.6819
0.6819
0.6819
0.9364
0.9364
0.9364
0.7749
0.7749
0.7749
0.6610
0.6610
0.6610
0.9513
0.9513
0.9513
0.7872
0.7872
0.7872
0.6714
0.6714
0.6714
0.9661
0.9661
0.9661
0.7995
0.7995
0.7995
0.6819
0.6819
0.6819
0.8952
0.8952
0.8952
0.7408
0.7408
0.7408
0.6319
0.6319
0.6319
0.9094
0.9094
0.9094
0.7526
0.7526
0.7526
0.6419
0.6419
0.6419
0.9236
0.9236
0.9236
0.7643
0.7643
0.7643
0.6519
0.6519
0.6519
0.8952
0.8952
0.8952
0.7408
0.7408
0.7408
0.6319
0.6319
0.6319
0.9094
0.9094
0.9094
0.7526
0.7526
0.7526
0.6419
0.6419
0.6419
0.9236
0.9236
0.9236
0.7643
0.7643
0.7643
0.6519
0.6519
0.6519
0.8952
0.8952
0.8952
0.7408
0.7408
0.7408
0.6319
0.6319
0.6319
0.9094
0.9094
0.9094
0.7526
0.7526
0.7526
0.6419
0.6419
0.6419
0.9236
0.9236
0.9236
0.7643
0.7643
0.7643
0.6519
0.6519
0.6519
0.9080
0.9080
0.9080
0.7514
0.7514
0.7514
0.6409
0.6409
0.6409
0.9225
0.9225
0.9225
0.7634
0.7634
0.7634
0.6511
0.6511
0.6511
0.9369
0.9369
0.9369
0.7753
0.7753
0.7753
0.6613
0.6613
0.6613
0.9080
0.9080
0.9080
0.7514
0.7514
0.7514
0.6409
0.6409
0.6409
0.9225
0.9225
0.9225
0.7634
0.7634
0.7634
0.6511
0.6511
0.6511
0.9369
0.9369
0.9369
0.7753
0.7753
0.7753
0.6613
0.6613
0.6613
0.9080
0.9080
0.9080
0.7514
0.7514
0.7514
0.6409
0.6409
0.6409
0.9225
0.9225
0.9225
0.7634
0.7634
0.7634
0.6511
0.6511
0.6511
0.9369
0.9369
0.9369
0.7753
0.7753
0.7753
0.6613
0.6613
0.6613
0.9209
0.9209
0.9209
0.7621
0.7621
0.7621
0.6500
0.6500
0.6500
0.9355
0.9355
0.9355
0.7742
0.7742
0.7742
0.6603
0.6603
0.6603
0.9501
0.9501
0.9501
0.7863
0.7863
0.7863
0.6706
0.6706
0.6706
0.9209
0.9209
0.9209
0.7621
0.7621
0.7621
0.6500
0.6500
0.6500
0.9355
0.9355
0.9355
0.7742
0.7742
0.7742
0.6603
0.6603
0.6603
0.9501
0.9501
0.9501
0.7863
0.7863
0.7863
0.6706
0.6706
0.6706
0.9209
0.9209
0.9209
0.7621
0.7621
0.7621
0.6500
0.6500
0.6500
0.9355
0.9355
0.9355
0.7742
0.7742
0.7742
0.6603
0.6603
0.6603
0.9501
0.9501
0.9501
0.7863
0.7863
0.7863
0.6706
0.6706
0.6706
0.8806
0.8806
0.8806
0.7287
0.7287
0.7287
0.6215
0.6215
0.6215
0.8946
0.8946
0.8946
0.7403
0.7403
0.7403
0.6314
0.6314
0.6314
0.9085
0.9085
0.9085
0.7519
0.7519
0.7519
0.6413
0.6413
0.6413
0.8806
0.8806
0.8806
0.7287
0.7287
0.7287
0.6215
0.6215
0.6215
0.8946
0.8946
0.8946
0.7403
0.7403
0.7403
0.6314
0.6314
0.6314
0.9085
0.9085
0.9085
0.7519
0.7519
0.7519
0.6413
0.6413
0.6413
0.8806
0.8806
0.8806
0.7287
0.7287
0.7287
0.6215
0.6215
0.6215
0.8946
0.8946
0.8946
0.7403
0.7403
0.7403
0.6314
0.6314
0.6314
0.9085
0.9085
0.9085
0.7519
0.7519
0.7519
0.6413
0.6413
0.6413
0.8932
0.8932
0.8932
0.7392
0.7392
0.7392
0.6305
0.6305
0.6305
0.9074
0.9074
0.9074
0.7509
0.7509
0.7509
0.6405
0.6405
0.6405
0.9216
0.9216
0.9216
0.7627
0.7627
0.7627
0.6505
0.6505
0.6505
0.8932
0.8932
0.8932
0.7392
0.7392
0.7392
0.6305
0.6305
0.6305
0.9074
0.9074
0.9074
0.7509
0.7509
0.7509
0.6405
0.6405
0.6405
0.9216
0.9216
0.9216
0.7627
0.7627
0.7627
0.6505
0.6505
0.6505
0.8932
0.8932
0.8932
0.7392
0.7392
0.7392
0.6305
0.6305
0.6305
0.9074
0.9074
0.9074
0.7509
0.7509
0.7509
0.6405
0.6405
0.6405
0.9216
0.9216
0.9216
0.7627
0.7627
0.7627
0.6505
0.6505
0.6505
0.9059
0.9059
0.9059
0.7496
0.7496
0.7496
0.6394
0.6394
0.6394
0.9202
0.9202
0.9202
0.7615
0.7615
0.7615
0.6495
0.6495
0.6495
0.9346
0.9346
0.9346
0.7734
0.7734
0.7734
0.6597
0.6597
0.6597
0.9059
0.9059
0.9059
0.7496
0.7496
0.7496
0.6394
0.6394
0.6394
0.9202
0.9202
0.9202
0.7615
0.7615
0.7615
0.6495
0.6495
0.6495
0.9346
0.9346
0.9346
0.7734
0.7734
0.7734
0.6597
0.6597
0.6597
0.9059
0.9059
0.9059
0.7496
0.7496
0.7496
0.6394
0.6394
0.6394
0.9202
0.9202
0.9202
0.7615
0.7615
0.7615
0.6495
0.6495
0.6495
0.9346
0.9346
0.9346
0.7734
0.7734
0.7734
0.6597
0.6597
0.6597
