1.0000
-1.0000
-1.0000
0.5203
0.5203
0.5203
0.4438
0.4438
0.4438
1.0121
-1.0000
-1.0000
0.5285
0.5285
0.5285
0.4508
0.4508
0.4508
1.0242
-1.0000
-1.0000
0.5368
0.5368
0.5368
0.4579
0.4579
0.4579
0.6287
1.0000
-1.0000
0.5203
0.5203
0.5203
0.4438
0.4438
0.4438
0.6387
1.0121
-1.0000
0.5285
0.5285
0.5285
0.4508
0.4508
0.4508
0.6487
1.0242
-1.0000
0.5368
0.5368
0.5368
0.4579
0.4579
0.4579
0.6287
0.7514
1.0000
0.5203
0.5203
0.5203
0.4438
0.4438
0.4438
0.6387
0.7620
1.0121
0.5285
0.5285
0.5285
0.4508
0.4508
0.4508
0.6487
0.7727
1.0242
0.5368
0.5368
0.5368
0.4579
0.4579
0.4579
-1.0000
-1.0000
-1.0000
0.5242
0.5242
0.5242
0.4471
0.4471
0.4471
-1.0000
-1.0000
-1.0000
0.5325
0.5325
0.5325
0.4542
0.4542
0.4542
-1.0000
-1.0000
-1.0000
0.5408
0.5408
0.5408
0.4613
0.4613
0.4613
0.6334
-1.0000
-1.0000
0.5242
0.5242
0.5242
0.4471
0.4471
0.4471
0.6435
-1.0000
-1.0000
0.5325
0.5325
0.5325
0.4542
0.4542
0.4542
0.6535
-1.0000
-1.0000
0.5408
0.5408
0.5408
0.4613
0.4613
0.4613
0.6334
0.8323
-1.0000
0.5242
0.5242
0.5242
0.4471
0.4471
0.4471
0.6435
0.8435
-1.0000
0.5325
0.5325
0.5325
0.4542
0.4542
0.4542
0.6535
0.8547
-1.0000
0.5408
0.5408
0.5408
0.4613
0.4613
0.4613
-1.0000
-1.0000
-1.0000
0.5281
0.5281
0.5281
0.4504
0.4504
0.4504
-1.0000
-1.0000
-1.0000
0.5365
0.5365
0.5365
0.4576
0.4576
0.4576
-1.0000
-1.0000
-1.0000
0.5449
0.5449
0.5449
0.4647
0.4647
0.4647
0.7428
-1.0000
-1.0000
0.5281
0.5281
0.5281
0.4504
0.4504
0.4504
0.7535
-1.0000
-1.0000
0.5365
0.5365
0.5365
0.4576
0.4576
0.4576
0.7643
-1.0000
-1.0000
0.5449
0.5449
0.5449
0.4647
0.4647
0.4647
0.6382
-1.0000
-1.0000
0.5281
0.5281
0.5281
0.4504
0.4504
0.4504
0.6483
-1.0000
-1.0000
0.5365
0.5365
0.5365
0.4576
0.4576
0.4576
0.6584
-1.0000
-1.0000
0.5449
0.5449
0.5449
0.4647
0.4647
0.4647
0.9881
-1.0000
-1.0000
0.5141
0.5141
0.5141
0.4385
0.4385
0.4385
1.0000
-1.0000
-1.0000
0.5222
0.5222
0.5222
0.4454
0.4454
0.4454
1.0119
-1.0000
-1.0000
0.5304
0.5304
0.5304
0.4524
0.4524
0.4524
0.6212
0.9881
-1.0000
0.5141
0.5141
0.5141
0.4385
0.4385
0.4385
0.6311
1.0000
-1.0000
0.5222
0.5222
0.5222
0.4454
0.4454
0.4454
0.6409
1.0119
-1.0000
0.5304
0.5304
0.5304
0.4524
0.4524
0.4524
0.6212
0.7424
0.9881
0.5141
0.5141
0.5141
0.4385
0.4385
0.4385
0.6311
0.7529
1.0000
0.5222
0.5222
0.5222
0.4454
0.4454
0.4454
0.6409
0.7635
1.0119
0.5304
0.5304
0.5304
0.4524
0.4524
0.4524
-1.0000
-1.0000
-1.0000
0.5179
0.5179
0.5179
0.4418
0.4418
0.4418
-1.0000
-1.0000
-1.0000
0.5262
0.5262
0.5262
0.4488
0.4488
0.4488
-1.0000
-1.0000
-1.0000
0.5344
0.5344
0.5344
0.4558
0.4558
0.4558
0.6259
-1.0000
-1.0000
0.5179
0.5179
0.5179
0.4418
0.4418
0.4418
0.6358
-1.0000
-1.0000
0.5262
0.5262
0.5262
0.4488
0.4488
0.4488
0.6457
-1.0000
-1.0000
0.5344
0.5344
0.5344
0.4558
0.4558
0.4558
0.6259
0.8224
-1.0000
0.5179
0.5179
0.5179
0.4418
0.4418
0.4418
0.6358
0.8335
-1.0000
0.5262
0.5262
0.5262
0.4488
0.4488
0.4488
0.6457
0.8445
-1.0000
0.5344
0.5344
0.5344
0.4558
0.4558
0.4558
-1.0000
-1.0000
-1.0000
0.5218
0.5218
0.5218
0.4450
0.4450
0.4450
-1.0000
-1.0000
-1.0000
0.5301
0.5301
0.5301
0.4521
0.4521
0.4521
-1.0000
-1.0000
-1.0000
0.5384
0.5384
0.5384
0.4592
0.4592
0.4592
0.7339
-1.0000
-1.0000
0.5218
0.5218
0.5218
0.4450
0.4450
0.4450
0.7445
-1.0000
-1.0000
0.5301
0.5301
0.5301
0.4521
0.4521
0.4521
0.7551
-1.0000
-1.0000
0.5384
0.5384
0.5384
0.4592
0.4592
0.4592
0.6305
-1.0000
-1.0000
0.5218
0.5218
0.5218
0.4450
0.4450
0.4450
0.6405
-1.0000
-1.0000
0.5301
0.5301
0.5301
0.4521
0.4521
0.4521
0.6505
-1.0000
-1.0000
0.5384
0.5384
0.5384
0.4592
0.4592
0.4592
0.9764
-1.0000
-1.0000
0.5080
0.5080
0.5080
0.4333
0.4333
0.4333
0.9882
-1.0000
-1.0000
0.5161
0.5161
0.5161
0.4402
0.4402
0.4402
1.0000
-1.0000
-1.0000
0.5241
0.5241
0.5241
0.4470
0.4470
0.4470
0.6139
0.9764
-1.0000
0.5080
0.5080
0.5080
0.4333
0.4333
0.4333
0.6236
0.9882
-1.0000
0.5161
0.5161
0.5161
0.4402
0.4402
0.4402
0.6334
1.0000
-1.0000
0.5241
0.5241
0.5241
0.4470
0.4470
0.4470
0.6139
0.7336
0.9764
0.5080
0.5080
0.5080
0.4333
0.4333
0.4333
0.6236
0.7441
0.9882
0.5161
0.5161
0.5161
0.4402
0.4402
0.4402
0.6334
0.7545
1.0000
0.5241
0.5241
0.5241
0.4470
0.4470
0.4470
-1.0000
-1.0000
-1.0000
0.5118
0.5118
0.5118
0.4365
0.4365
0.4365
-1.0000
-1.0000
-1.0000
0.5199
0.5199
0.5199
0.4435
0.4435
0.4435
-1.0000
-1.0000
-1.0000
0.5281
0.5281
0.5281
0.4504
0.4504
0.4504
0.6185
-1.0000
-1.0000
0.5118
0.5118
0.5118
0.4365
0.4365
0.4365
0.6283
-1.0000
-1.0000
0.5199
0.5199
0.5199
0.4435
0.4435
0.4435
0.6381
-1.0000
-1.0000
0.5281
0.5281
0.5281
0.4504
0.4504
0.4504
0.6185
0.8127
-1.0000
0.5118
0.5118
0.5118
0.4365
0.4365
0.4365
0.6283
0.8236
-1.0000
0.5199
0.5199
0.5199
0.4435
0.4435
0.4435
0.6381
0.8345
-1.0000
0.5281
0.5281
0.5281
0.4504
0.4504
0.4504
-1.0000
-1.0000
-1.0000
0.5156
0.5156
0.5156
0.4398
0.4398
0.4398
-1.0000
-1.0000
-1.0000
0.5238
0.5238
0.5238
0.4468
0.4468
0.4468
-1.0000
-1.0000
-1.0000
0.5320
0.5320
0.5320
0.4538
0.4538
0.4538
0.7253
-1.0000
-1.0000
0.5156
0.5156
0.5156
0.4398
0.4398
0.4398
0.7358
-1.0000
-1.0000
0.5238
0.5238
0.5238
0.4468
0.4468
0.4468
0.7462
-1.0000
-1.0000
0.5320
0.5320
0.5320
0.4538
0.4538
0.4538
0.6231
-1.0000
-1.0000
0.5156
0.5156
0.5156
0.4398
0.4398
0.4398
0.6330
-1.0000
-1.0000
0.5238
0.5238
0.5238
0.4468
0.4468
0.4468
0.6429
-1.0000
-1.0000
0.5320
0.5320
0.5320
0.4538
0.4538
0.4538
