0.6492
0.6492
0.6492
0.5373
0.5373
0.5373
0.4582
0.4582
0.4582
0.6595
0.6595
0.6595
0.5458
0.5458
0.5458
0.4655
0.4655
0.4655
0.6698
0.6698
0.6698
0.5543
0.5543
0.5543
0.4728
0.4728
0.4728
0.6492
0.6492
0.6492
0.5373
0.5373
0.5373
0.4582
0.4582
0.4582
0.6595
0.6595
0.6595
0.5458
0.5458
0.5458
0.4655
0.4655
0.4655
0.6698
0.6698
0.6698
0.5543
0.5543
0.5543
0.4728
0.4728
0.4728
0.6492
0.6492
0.6492
0.5373
0.5373
0.5373
0.4582
0.4582
0.4582
0.6595
0.6595
0.6595
0.5458
0.5458
0.5458
0.4655
0.4655
0.4655
0.6698
0.6698
0.6698
0.5543
0.5543
0.5543
0.4728
0.4728
0.4728
0.6571
0.6571
0.6571
0.5438
0.5438
0.5438
0.4638
0.4638
0.4638
0.6675
0.6675
0.6675
0.5524
0.5524
0.5524
0.4712
0.4712
0.4712
0.6780
0.6780
0.6780
0.5611
0.5611
0.5611
0.4785
0.4785
0.4785
0.6571
0.6571
0.6571
0.5438
0.5438
0.5438
0.4638
0.4638
0.4638
0.6675
0.6675
0.6675
0.5524
0.5524
0.5524
0.4712
0.4712
0.4712
0.6780
0.6780
0.6780
0.5611
0.5611
0.5611
0.4785
0.4785
0.4785
0.6571
0.6571
0.6571
0.5438
0.5438
0.5438
0.4638
0.4638
0.4638
0.6675
0.6675
0.6675
0.5524
0.5524
0.5524
0.4712
0.4712
0.4712
0.6780
0.6780
0.6780
0.5611
0.5611
0.5611
0.4785
0.4785
0.4785
0.6650
0.6650
0.6650
0.5503
0.5503
0.5503
0.4694
0.4694
0.4694
0.6756
0.6756
0.6756
0.5591
0.5591
0.5591
0.4768
0.4768
0.4768
0.6861
0.6861
0.6861
0.5678
0.5678
0.5678
0.4843
0.4843
0.4843
0.6650
0.6650
0.6650
0.5503
0.5503
0.5503
0.4694
0.4694
0.4694
0.6756
0.6756
0.6756
0.5591
0.5591
0.5591
0.4768
0.4768
0.4768
0.6861
0.6861
0.6861
0.5678
0.5678
0.5678
0.4843
0.4843
0.4843
0.6650
0.6650
0.6650
0.5503
0.5503
0.5503
0.4694
0.4694
0.4694
0.6756
0.6756
0.6756
0.5591
0.5591
0.5591
0.4768
0.4768
0.4768
0.6861
0.6861
0.6861
0.5678
0.5678
0.5678
0.4843
0.4843
0.4843
0.6404
0.6404
0.6404
0.5299
0.5299
0.5299
0.4520
0.4520
0.4520
0.6505
0.6505
0.6505
0.5383
0.5383
0.5383
0.4592
0.4592
0.4592
0.6607
0.6607
0.6607
0.5468
0.5468
0.5468
0.4663
0.4663
0.4663
0.6404
0.6404
0.6404
0.5299
0.5299
0.5299
0.4520
0.4520
0.4520
0.6505
0.6505
0.6505
0.5383
0.5383
0.5383
0.4592
0.4592
0.4592
0.6607
0.6607
0.6607
0.5468
0.5468
0.5468
0.4663
0.4663
0.4663
0.6404
0.6404
0.6404
0.5299
0.5299
0.5299
0.4520
0.4520
0.4520
0.6505
0.6505
0.6505
0.5383
0.5383
0.5383
0.4592
0.4592
0.4592
0.6607
0.6607
0.6607
0.5468
0.5468
0.5468
0.4663
0.4663
0.4663
0.6482
0.6482
0.6482
0.5364
0.5364
0.5364
0.4575
0.4575
0.4575
0.6584
0.6584
0.6584
0.5449
0.5449
0.5449
0.4648
0.4648
0.4648
0.6687
0.6687
0.6687
0.5534
0.5534
0.5534
0.4720
0.4720
0.4720
0.6482
0.6482
0.6482
0.5364
0.5364
0.5364
0.4575
0.4575
0.4575
0.6584
0.6584
0.6584
0.5449
0.5449
0.5449
0.4648
0.4648
0.4648
0.6687
0.6687
0.6687
0.5534
0.5534
0.5534
0.4720
0.4720
0.4720
0.6482
0.6482
0.6482
0.5364
0.5364
0.5364
0.4575
0.4575
0.4575
0.6584
0.6584
0.6584
0.5449
0.5449
0.5449
0.4648
0.4648
0.4648
0.6687
0.6687
0.6687
0.5534
0.5534
0.5534
0.4720
0.4720
0.4720
0.6559
0.6559
0.6559
0.5428
0.5428
0.5428
0.4630
0.4630
0.4630
0.6664
0.6664
0.6664
0.5514
0.5514
0.5514
0.4703
0.4703
0.4703
0.6768
0.6768
0.6768
0.5601
0.5601
0.5601
0.4777
0.4777
0.4777
0.6559
0.6559
0.6559
0.5428
0.5428
0.5428
0.4630
0.4630
0.4630
0.6664
0.6664
0.6664
0.5514
0.5514
0.5514
0.4703
0.4703
0.4703
0.6768
0.6768
0.6768
0.5601
0.5601
0.5601
0.4777
0.4777
0.4777
0.6559
0.6559
0.6559
0.5428
0.5428
0.5428
0.4630
0.4630
0.4630
0.6664
0.6664
0.6664
0.5514
0.5514
0.5514
0.4703
0.4703
0.4703
0.6768
0.6768
0.6768
0.5601
0.5601
0.5601
0.4777
0.4777
0.4777
0.6318
0.6318
0.6318
0.5228
0.5228
0.5228
0.4459
0.4459
0.4459
0.6418
0.6418
0.6418
0.5311
0.5311
0.5311
0.4530
0.4530
0.4530
0.6518
0.6518
0.6518
0.5394
0.5394
0.5394
0.4601
0.4601
0.4601
0.6318
0.6318
0.6318
0.5228
0.5228
0.5228
0.4459
0.4459
0.4459
0.6418
0.6418
0.6418
0.5311
0.5311
0.5311
0.4530
0.4530
0.4530
0.6518
0.6518
0.6518
0.5394
0.5394
0.5394
0.4601
0.4601
0.4601
0.6318
0.6318
0.6318
0.5228
0.5228
0.5228
0.4459
0.4459
0.4459
0.6418
0.6418
0.6418
0.5311
0.5311
0.5311
0.4530
0.4530
0.4530
0.6518
0.6518
0.6518
0.5394
0.5394
0.5394
0.4601
0.4601
0.4601
0.6394
0.6394
0.6394
0.5292
0.5292
0.5292
0.4513
0.4513
0.4513
0.6496
0.6496
0.6496
0.5376
0.5376
0.5376
0.4585
0.4585
0.4585
0.6597
0.6597
0.6597
0.5460
0.5460
0.5460
0.4657
0.4657
0.4657
0.6394
0.6394
0.6394
0.5292
0.5292
0.5292
0.4513
0.4513
0.4513
0.6496
0.6496
0.6496
0.5376
0.5376
0.5376
0.4585
0.4585
0.4585
0.6597
0.6597
0.6597
0.5460
0.5460
0.5460
0.4657
0.4657
0.4657
0.6394
0.6394
0.6394
0.5292
0.5292
0.5292
0.4513
0.4513
0.4513
0.6496
0.6496
0.6496
0.5376
0.5376
0.5376
0.4585
0.4585
0.4585
0.6597
0.6597
0.6597
0.5460
0.5460
0.5460
0.4657
0.4657
0.4657
0.6471
0.6471
0.6471
0.5355
0.5355
0.5355
0.4568
0.4568
0.4568
0.6574
0.6574
0.6574
0.5440
0.5440
0.5440
0.4640
0.4640
0.4640
0.6677
0.6677
0.6677
0.5525
0.5525
0.5525
0.4713
0.4713
0.4713
0.6471
0.6471
0.6471
0.5355
0.5355
0.5355
0.4568
0.4568
0.4568
0.6574
0.6574
0.6574
0.5440
0.5440
0.5440
0.4640
0.4640
0.4640
0.6677
0.6677
0.6677
0.5525
0.5525
0.5525
0.4713
0.4713
0.4713
0.6471
0.6471
0.6471
0.5355
0.5355
0.5355
0.4568
0.4568
0.4568
0.6574
0.6574
0.6574
0.5440
0.5440
0.5440
0.4640
0.4640
0.4640
0.6677
0.6677
0.6677
0.5525
0.5525
0.5525
0.4713
0.4713
0.4713
