0.82
0.82
0.82
0.75
0.75
0.75
0.69
0.69
0.69
0.83
0.83
0.83
0.75
0.75
0.75
0.69
0.69
0.69
0.83
0.83
0.83
0.76
0.76
0.76
0.70
0.70
0.70
0.82
0.82
0.82
0.75
0.75
0.75
0.69
0.69
0.69
0.83
0.83
0.83
0.75
0.75
0.75
0.69
0.69
0.69
0.83
0.83
0.83
0.76
0.76
0.76
0.70
0.70
0.70
0.82
0.82
0.82
0.75
0.75
0.75
0.69
0.69
0.69
0.83
0.83
0.83
0.75
0.75
0.75
0.69
0.69
0.69
0.83
0.83
0.83
0.76
0.76
0.76
0.70
0.70
0.70
0.84
0.84
0.84
0.77
0.77
0.77
0.71
0.71
0.71
0.85
0.85
0.85
0.77
0.77
0.77
0.71
0.71
0.71
0.85
0.85
0.85
0.78
0.78
0.78
0.72
0.72
0.72
0.84
0.84
0.84
0.77
0.77
0.77
0.71
0.71
0.71
0.85
0.85
0.85
0.77
0.77
0.77
0.71
0.71
0.71
0.85
0.85
0.85
0.78
0.78
0.78
0.72
0.72
0.72
0.84
0.84
0.84
0.77
0.77
0.77
0.71
0.71
0.71
0.85
0.85
0.85
0.77
0.77
0.77
0.71
0.71
0.71
0.85
0.85
0.85
0.78
0.78
0.78
0.72
0.72
0.72
0.86
0.86
0.92
0.79
0.79
0.79
0.72
0.72
0.72
0.87
0.87
0.92
0.79
0.79
0.79
0.73
0.73
0.73
0.88
0.88
0.93
0.80
0.80
0.80
0.74
0.74
0.74
0.86
0.86
0.86
0.79
0.79
0.79
0.72
0.72
0.72
0.87
0.87
0.87
0.79
0.79
0.79
0.73
0.73
0.73
0.88
0.88
0.88
0.80
0.80
0.80
0.74
0.74
0.74
0.86
0.86
0.86
0.79
0.79
0.79
0.72
0.72
0.72
0.87
0.87
0.87
0.79
0.79
0.79
0.73
0.73
0.73
0.88
0.88
0.88
0.80
0.80
0.80
0.74
0.74
0.74
0.81
0.81
0.81
0.74
0.74
0.74
0.69
0.69
0.69
0.82
0.82
0.82
0.75
0.75
0.75
0.69
0.69
0.69
0.83
0.83
0.83
0.76
0.76
0.76
0.70
0.70
0.70
0.81
0.81
0.81
0.74
0.74
0.74
0.69
0.69
0.69
0.82
0.82
0.82
0.75
0.75
0.75
0.69
0.69
0.69
0.83
0.83
0.83
0.76
0.76
0.76
0.70
0.70
0.70
0.81
0.81
0.81
0.74
0.74
0.74
0.69
0.69
0.69
0.82
0.82
0.82
0.75
0.75
0.75
0.69
0.69
0.69
0.83
0.83
0.83
0.76
0.76
0.76
0.70
0.70
0.70
0.84
0.84
0.84
0.76
0.76
0.76
0.70
0.70
0.70
0.84
0.84
0.84
0.77
0.77
0.77
0.71
0.71
0.71
0.85
0.85
0.85
0.78
0.78
0.78
0.71
0.71
0.71
0.84
0.84
0.84
0.76
0.76
0.76
0.70
0.70
0.70
0.84
0.84
0.84
0.77
0.77
0.77
0.71
0.71
0.71
0.85
0.85
0.85
0.78
0.78
0.78
0.71
0.71
0.71
0.84
0.84
0.84
0.76
0.76
0.76
0.70
0.70
0.70
0.84
0.84
0.84
0.77
0.77
0.77
0.71
0.71
0.71
0.85
0.85
0.85
0.78
0.78
0.78
0.71
0.71
0.71
0.86
0.86
0.91
0.78
0.78
0.78
0.72
0.72
0.72
0.86
0.86
0.92
0.79
0.79
0.79
0.73
0.73
0.73
0.87
0.87
0.93
0.80
0.80
0.80
0.73
0.73
0.73
0.86
0.86
0.86
0.78
0.78
0.78
0.72
0.72
0.72
0.86
0.86
0.86
0.79
0.79
0.79
0.73
0.73
0.73
0.87
0.87
0.87
0.80
0.80
0.80
0.73
0.73
0.73
0.86
0.86
0.86
0.78
0.78
0.78
0.72
0.72
0.72
0.86
0.86
0.86
0.79
0.79
0.79
0.73
0.73
0.73
0.87
0.87
0.87
0.80
0.80
0.80
0.73
0.73
0.73
0.81
0.81
0.81
0.74
0.74
0.74
0.68
0.68
0.68
0.82
0.82
0.82
0.75
0.75
0.75
0.69
0.69
0.69
0.82
0.82
0.82
0.75
0.75
0.75
0.69
0.69
0.69
0.81
0.81
0.81
0.74
0.74
0.74
0.68
0.68
0.68
0.82
0.82
0.82
0.75
0.75
0.75
0.69
0.69
0.69
0.82
0.82
0.82
0.75
0.75
0.75
0.69
0.69
0.69
0.81
0.81
0.81
0.74
0.74
0.74
0.68
0.68
0.68
0.82
0.82
0.82
0.75
0.75
0.75
0.69
0.69
0.69
0.82
0.82
0.82
0.75
0.75
0.75
0.69
0.69
0.69
0.83
0.83
0.83
0.76
0.76
0.76
0.70
0.70
0.70
0.84
0.84
0.84
0.77
0.77
0.77
0.70
0.70
0.70
0.84
0.84
0.84
0.77
0.77
0.77
0.71
0.71
0.71
0.83
0.83
0.83
0.76
0.76
0.76
0.70
0.70
0.70
0.84
0.84
0.84
0.77
0.77
0.77
0.70
0.70
0.70
0.84
0.84
0.84
0.77
0.77
0.77
0.71
0.71
0.71
0.83
0.83
0.83
0.76
0.76
0.76
0.70
0.70
0.70
0.84
0.84
0.84
0.77
0.77
0.77
0.70
0.70
0.70
0.84
0.84
0.84
0.77
0.77
0.77
0.71
0.71
0.71
0.85
0.85
0.91
0.78
0.78
0.78
0.72
0.72
0.72
0.86
0.86
0.91
0.79
0.79
0.79
0.72
0.72
0.72
0.87
0.87
0.92
0.79
0.79
0.79
0.73
0.73
0.73
0.85
0.85
0.85
0.78
0.78
0.78
0.72
0.72
0.72
0.86
0.86
0.86
0.79
0.79
0.79
0.72
0.72
0.72
0.87
0.87
0.87
0.79
0.79
0.79
0.73
0.73
0.73
0.85
0.85
0.85
0.78
0.78
0.78
0.72
0.72
0.72
0.86
0.86
0.86
0.79
0.79
0.79
0.72
0.72
0.72
0.87
0.87
0.87
0.79
0.79
0.79
0.73
0.73
0.73
