1.00
0.00
0.00
0.96
0.96
0.96
0.91
0.91
0.91
1.01
0.00
0.00
0.97
0.97
0.97
0.92
0.92
0.92
1.03
0.00
0.00
0.98
0.98
0.98
0.93
0.93
0.94
1.00
1.00
0.00
0.96
0.96
0.96
0.91
0.91
0.91
1.01
1.01
0.00
0.97
0.97
0.97
0.92
0.92
0.92
1.03
1.03
0.00
0.98
0.98
0.98
0.93
0.93
0.93
1.00
1.00
1.00
0.96
0.96
0.96
0.91
0.91
0.91
1.01
1.01
1.01
0.97
0.97
0.97
0.92
0.92
0.92
1.03
1.03
1.03
0.98
0.98
0.98
0.93
0.93
0.93
0.00
0.00
0.00
1.00
0.00
0.00
0.95
0.96
0.96
0.00
0.00
0.00
1.01
0.00
0.00
0.97
0.97
0.97
0.00
0.00
0.00
1.03
0.00
0.00
0.98
0.98
0.98
0.00
0.00
0.00
1.00
1.00
0.00
0.95
0.95
0.96
0.00
0.00
0.00
1.01
1.01
0.00
0.97
0.97
0.97
0.00
0.00
0.00
1.03
1.03
0.00
0.98
0.98
0.98
0.00
0.00
0.00
1.00
1.00
1.00
0.95
0.95
0.95
0.00
0.00
0.00
1.01
1.01
1.01
0.96
0.97
0.97
0.00
0.00
0.00
1.03
1.03
1.03
0.98
0.98
0.98
0.00
0.00
0.00
0.00
0.00
0.00
1.00
0.00
0.00
0.00
0.00
0.00
0.00
0.00
0.00
1.01
0.00
0.00
0.00
0.00
0.00
0.00
0.00
0.00
1.03
0.00
0.00
0.00
0.00
0.00
0.00
0.00
0.00
1.00
1.00
0.00
0.00
0.00
0.00
0.00
0.00
0.00
1.01
1.01
0.00
0.00
0.00
0.00
0.00
0.00
0.00
1.03
1.03
0.00
0.00
0.00
0.00
0.00
0.00
0.00
1.00
1.00
1.00
0.00
0.00
0.00
0.00
0.00
0.00
1.01
1.01
1.01
0.00
0.00
0.00
0.00
0.00
0.00
1.03
1.03
1.03
0.99
0.00
0.00
0.94
0.94
0.94
0.90
0.90
0.90
1.00
0.00
0.00
0.96
0.96
0.96
0.91
0.91
0.91
1.01
0.00
0.00
0.97
0.97
0.97
0.92
0.92
0.92
0.99
0.99
0.00
0.94
0.94
0.94
0.89
0.90
0.90
1.00
1.00
0.00
0.95
0.96
0.96
0.91
0.91
0.91
1.01
1.01
0.00
0.97
0.97
0.97
0.92
0.92
0.92
0.99
0.99
0.99
0.94
0.94
0.94
0.89
0.89
0.90
1.00
1.00
1.00
0.95
0.95
0.96
0.90
0.91
0.91
1.01
1.01
1.01
0.97
0.97
0.97
0.92
0.92
0.92
0.00
0.00
0.00
0.99
0.00
0.00
0.94
0.94
0.94
0.00
0.00
0.00
1.00
0.00
0.00
0.95
0.96
0.96
0.00
0.00
0.00
1.01
0.00
0.00
0.97
0.97
0.97
0.00
0.00
0.00
0.99
0.99
0.00
0.94
0.94
0.94
0.00
0.00
0.00
1.00
1.00
0.00
0.95
0.95
0.96
0.00
0.00
0.00
1.01
1.01
0.00
0.97
0.97
0.97
0.00
0.00
0.00
0.99
0.99
0.99
0.94
0.94
0.94
0.00
0.00
0.00
1.00
1.00
1.00
0.95
0.95
0.95
0.00
0.00
0.00
1.01
1.01
1.01
0.96
0.97
0.97
0.00
0.00
0.00
0.00
0.00
0.00
0.99
0.00
0.00
0.00
0.00
0.00
0.00
0.00
0.00
1.00
0.00
0.00
0.00
0.00
0.00
0.00
0.00
0.00
1.01
0.00
0.00
0.00
0.00
0.00
0.00
0.00
0.00
0.98
0.99
0.00
0.00
0.00
0.00
0.00
0.00
0.00
1.00
1.00
0.00
0.00
0.00
0.00
0.00
0.00
0.00
1.01
1.01
0.00
0.00
0.00
0.00
0.00
0.00
0.00
0.98
0.98
0.99
0.00
0.00
0.00
0.00
0.00
0.00
1.00
1.00
1.00
0.00
0.00
0.00
0.00
0.00
0.00
1.01
1.01
1.01
0.97
0.00
0.00
0.93
0.93
0.93
0.88
0.88
0.89
0.99
0.00
0.00
0.94
0.94
0.94
0.89
0.90
0.90
1.00
0.00
0.00
0.95
0.96
0.96
0.91
0.91
0.91
0.97
0.97
0.00
0.93
0.93
0.93
0.88
0.88
0.88
0.99
0.99
0.00
0.94
0.94
0.94
0.89
0.89
0.90
1.00
1.00
0.00
0.95
0.95
0.96
0.90
0.91
0.91
0.97
0.97
0.97
0.93
0.93
0.93
0.88
0.88
0.88
0.99
0.99
0.99
0.94
0.94
0.94
0.89
0.89
0.89
1.00
1.00
1.00
0.95
0.95
0.95
0.90
0.91
0.91
0.00
0.00
0.00
0.97
0.00
0.00
0.93
0.93
0.93
0.00
0.00
0.00
0.99
0.00
0.00
0.94
0.94
0.94
0.00
0.00
0.00
1.00
0.00
0.00
0.95
0.95
0.96
0.00
0.00
0.00
0.97
0.97
0.00
0.93
0.93
0.93
0.00
0.00
0.00
0.99
0.99
0.00
0.94
0.94
0.94
0.00
0.00
0.00
1.00
1.00
0.00
0.95
0.95
0.95
0.00
0.00
0.00
0.97
0.97
0.97
0.92
0.93
0.93
0.00
0.00
0.00
0.99
0.99
0.99
0.94
0.94
0.94
0.00
0.00
0.00
1.00
1.00
1.00
0.95
0.95
0.95
0.00
0.00
0.00
0.00
0.00
0.00
0.97
0.00
0.00
0.00
0.00
0.00
0.00
0.00
0.00
0.99
0.00
0.00
0.00
0.00
0.00
0.00
0.00
0.00
1.00
0.00
0.00
0.00
0.00
0.00
0.00
0.00
0.00
0.97
0.97
0.00
0.00
0.00
0.00
0.00
0.00
0.00
0.98
0.99
0.00
0.00
0.00
0.00
0.00
0.00
0.00
1.00
1.00
0.00
0.00
0.00
0.00
0.00
0.00
0.00
0.97
0.97
0.97
0.00
0.00
0.00
0.00
0.00
0.00
0.98
0.98
0.99
0.00
0.00
0.00
0.00
0.00
0.00
1.00
1.00
1.00
