0.65
0.68
0.74
0.60
0.60
0.60
0.55
0.55
0.55
0.66
0.68
0.74
0.60
0.60
0.60
0.55
0.55
0.55
0.66
0.69
0.75
0.60
0.60
0.60
0.56
0.56
0.56
0.65
0.65
0.68
0.60
0.60
0.60
0.55
0.55
0.55
0.66
0.66
0.69
0.60
0.60
0.60
0.55
0.55
0.55
0.66
0.66
0.69
0.60
0.60
0.60
0.56
0.56
0.56
0.65
0.65
0.65
0.60
0.60
0.60
0.55
0.55
0.55
0.66
0.66
0.66
0.60
0.60
0.60
0.55
0.55
0.55
0.66
0.66
0.66
0.60
0.60
0.60
0.56
0.56
0.56
0.66
0.70
0.76
0.60
0.60
0.60
0.55
0.55
0.55
0.66
0.70
0.76
0.60
0.60
0.60
0.56
0.56
0.56
0.67
0.71
0.77
0.61
0.61
0.61
0.56
0.56
0.56
0.66
0.66
0.70
0.60
0.60
0.60
0.55
0.55
0.55
0.66
0.66
0.71
0.60
0.60
0.60
0.56
0.56
0.56
0.67
0.67
0.71
0.61
0.61
0.61
0.56
0.56
0.56
0.66
0.66
0.66
0.60
0.60
0.60
0.55
0.55
0.55
0.66
0.66
0.66
0.60
0.60
0.60
0.56
0.56
0.56
0.67
0.67
0.67
0.61
0.61
0.61
0.56
0.56
0.56
0.66
0.72
0.78
0.60
0.60
0.60
0.55
0.55
0.55
0.66
0.73
0.78
0.61
0.61
0.61
0.56
0.56
0.56
0.67
0.73
0.79
0.61
0.61
0.61
0.56
0.56
0.56
0.66
0.66
0.72
0.60
0.60
0.60
0.55
0.55
0.55
0.66
0.67
0.73
0.61
0.61
0.61
0.56
0.56
0.56
0.67
0.67
0.73
0.61
0.61
0.61
0.56
0.56
0.56
0.66
0.66
0.67
0.60
0.60
0.60
0.55
0.55
0.55
0.66
0.66
0.67
0.61
0.61
0.61
0.56
0.56
0.56
0.67
0.67
0.68
0.61
0.61
0.61
0.56
0.56
0.56
0.65
0.67
0.73
0.59
0.59
0.59
0.54
0.54
0.54
0.65
0.68
0.74
0.60
0.60
0.60
0.55
0.55
0.55
0.66
0.68
0.74
0.60
0.60
0.60
0.55
0.55
0.55
0.65
0.65
0.68
0.59
0.59
0.59
0.54
0.54
0.54
0.65
0.65
0.68
0.60
0.60
0.60
0.55
0.55
0.55
0.66
0.66
0.69
0.60
0.60
0.60
0.55
0.55
0.55
0.65
0.65
0.65
0.59
0.59
0.59
0.54
0.54
0.54
0.65
0.65
0.65
0.60
0.60
0.60
0.55
0.55
0.55
0.66
0.66
0.66
0.60
0.60
0.60
0.55
0.55
0.55
0.65
0.69
0.75
0.59
0.59
0.59
0.55
0.55
0.55
0.66
0.70
0.76
0.60
0.60
0.60
0.55
0.55
0.55
0.66
0.71
0.76
0.60
0.60
0.60
0.56
0.56
0.56
0.65
0.65
0.70
0.59
0.59
0.59
0.55
0.55
0.55
0.66
0.66
0.70
0.60
0.60
0.60
0.55
0.55
0.55
0.66
0.66
0.71
0.60
0.60
0.60
0.56
0.56
0.56
0.65
0.65
0.65
0.59
0.59
0.59
0.55
0.55
0.55
0.66
0.66
0.66
0.60
0.60
0.60
0.55
0.55
0.55
0.66
0.66
0.66
0.60
0.60
0.60
0.56
0.56
0.56
0.65
0.72
0.77
0.60
0.60
0.60
0.55
0.55
0.55
0.66
0.72
0.78
0.60
0.60
0.60
0.56
0.56
0.56
0.67
0.73
0.78
0.61
0.61
0.61
0.56
0.56
0.56
0.65
0.66
0.72
0.60
0.60
0.60
0.55
0.55
0.55
0.66
0.66
0.72
0.60
0.60
0.60
0.56
0.56
0.56
0.67
0.67
0.73
0.61
0.61
0.61
0.56
0.56
0.56
0.65
0.65
0.66
0.60
0.60
0.60
0.55
0.55
0.55
0.66
0.66
0.67
0.60
0.60
0.60
0.56
0.56
0.56
0.67
0.67
0.67
0.61
0.61
0.61
0.56
0.56
0.56
0.64
0.67
0.73
0.59
0.59
0.59
0.54
0.54
0.54
0.65
0.67
0.73
0.59
0.59
0.59
0.54
0.54
0.54
0.65
0.68
0.74
0.60
0.60
0.60
0.55
0.55
0.55
0.64
0.64
0.67
0.59
0.59
0.59
0.54
0.54
0.54
0.65
0.65
0.68
0.59
0.59
0.59
0.54
0.54
0.54
0.65
0.65
0.68
0.60
0.60
0.60
0.55
0.55
0.55
0.64
0.64
0.64
0.59
0.59
0.59
0.54
0.54
0.54
0.65
0.65
0.65
0.59
0.59
0.59
0.54
0.54
0.54
0.65
0.65
0.65
0.60
0.60
0.60
0.55
0.55
0.55
0.65
0.69
0.75
0.59
0.59
0.59
0.54
0.54
0.54
0.65
0.70
0.75
0.60
0.60
0.60
0.55
0.55
0.55
0.66
0.70
0.76
0.60
0.60
0.60
0.55
0.55
0.55
0.65
0.65
0.69
0.59
0.59
0.59
0.54
0.54
0.54
0.65
0.65
0.70
0.60
0.60
0.60
0.55
0.55
0.55
0.66
0.66
0.70
0.60
0.60
0.60
0.55
0.55
0.55
0.65
0.65
0.65
0.59
0.59
0.59
0.54
0.54
0.54
0.65
0.65
0.65
0.60
0.60
0.60
0.55
0.55
0.55
0.66
0.66
0.66
0.60
0.60
0.60
0.55
0.55
0.55
0.65
0.71
0.77
0.59
0.59
0.59
0.55
0.55
0.55
0.66
0.72
0.77
0.60
0.60
0.60
0.55
0.55
0.55
0.66
0.72
0.78
0.60
0.60
0.60
0.56
0.56
0.56
0.65
0.65
0.71
0.59
0.59
0.59
0.55
0.55
0.55
0.66
0.66
0.72
0.60
0.60
0.60
0.55
0.55
0.55
0.66
0.66
0.72
0.60
0.60
0.60
0.56
0.56
0.56
0.65
0.65
0.66
0.59
0.59
0.59
0.55
0.55
0.55
0.66
0.66
0.66
0.60
0.60
0.60
0.55
0.55
0.55
0.66
0.66
0.67
0.60
0.60
0.60
0.56
0.56
0.56
