0.85
-1.00
-1.00
0.11
0.11
0.11
0.06
0.06
0.06
4.59
-1.00
-1.00
0.57
0.57
0.57
0.32
0.32
0.32
8.32
-1.00
-1.00
1.04
1.04
1.04
0.58
0.58
0.58
0.85
0.85
-1.00
0.11
0.11
0.11
0.06
0.06
0.06
4.59
4.59
-1.00
0.57
0.57
0.57
0.32
0.32
0.32
8.32
8.32
-1.00
1.04
1.04
1.04
0.58
0.58
0.58
0.85
0.85
0.85
0.11
0.11
0.11
0.06
0.06
0.06
4.59
4.59
4.59
0.57
0.57
0.57
0.32
0.32
0.32
8.32
8.32
8.32
1.04
1.04
1.04
0.58
0.58
0.58
-1.00
-1.00
-1.00
0.85
-1.00
-1.00
0.45
-1.00
-1.00
-1.00
-1.00
-1.00
4.59
-1.00
-1.00
2.45
-1.00
-1.00
-1.00
-1.00
-1.00
8.32
-1.00
-1.00
4.45
-1.00
-1.00
-1.00
-1.00
-1.00
0.85
0.85
-1.00
0.45
0.45
0.45
-1.00
-1.00
-1.00
4.59
4.59
-1.00
2.45
2.45
2.45
-1.00
-1.00
-1.00
8.32
8.32
-1.00
4.45
4.45
4.45
-1.00
-1.00
-1.00
0.85
0.85
0.85
0.45
0.45
0.45
-1.00
-1.00
-1.00
4.59
4.59
4.59
2.45
2.45
2.45
-1.00
-1.00
-1.00
8.32
8.32
8.32
4.45
4.45
4.45
-1.00
-1.00
-1.00
-1.00
-1.00
-1.00
0.85
-1.00
-1.00
-1.00
-1.00
-1.00
-1.00
-1.00
-1.00
4.59
-1.00
-1.00
-1.00
-1.00
-1.00
-1.00
-1.00
-1.00
8.32
-1.00
-1.00
-1.00
-1.00
-1.00
1.59
-1.00
-1.00
0.85
0.85
-1.00
-1.00
-1.00
-1.00
8.60
-1.00
-1.00
4.59
4.59
-1.00
-1.00
-1.00
-1.00
15.61
-1.00
-1.00
8.32
8.32
-1.00
-1.00
-1.00
-1.00
1.59
1.59
-1.00
0.85
0.85
0.85
-1.00
-1.00
-1.00
8.60
8.60
-1.00
4.59
4.59
4.59
-1.00
-1.00
-1.00
15.61
15.61
-1.00
8.32
8.32
8.32
0.16
-1.00
-1.00
0.02
0.02
0.02
0.01
0.01
0.01
0.85
-1.00
-1.00
0.11
0.11
0.11
0.06
0.06
0.06
1.54
-1.00
-1.00
0.19
0.19
0.19
0.11
0.11
0.11
0.16
0.16
-1.00
0.02
0.02
0.02
0.01
0.01
0.01
0.85
0.85
-1.00
0.11
0.11
0.11
0.06
0.06
0.06
1.54
1.54
-1.00
0.19
0.19
0.19
0.11
0.11
0.11
0.16
0.16
0.16
0.02
0.02
0.02
0.01
0.01
0.01
0.85
0.85
0.85
0.11
0.11
0.11
0.06
0.06
0.06
1.54
1.54
1.54
0.19
0.19
0.19
0.11
0.11
0.11
-1.00
-1.00
-1.00
0.16
-1.00
-1.00
0.08
-1.00
-1.00
-1.00
-1.00
-1.00
0.85
-1.00
-1.00
0.45
-1.00
-1.00
-1.00
-1.00
-1.00
1.54
-1.00
-1.00
0.82
-1.00
-1.00
-1.00
-1.00
-1.00
0.16
0.16
-1.00
0.08
0.08
0.08
-1.00
-1.00
-1.00
0.85
0.85
-1.00
0.45
0.45
0.45
-1.00
-1.00
-1.00
1.54
1.54
-1.00
0.82
0.82
0.82
-1.00
-1.00
-1.00
0.16
0.16
0.16
0.08
0.08
0.08
-1.00
-1.00
-1.00
0.85
0.85
0.85
0.45
0.45
0.45
-1.00
-1.00
-1.00
1.54
1.54
1.54
0.82
0.82
0.82
-1.00
-1.00
-1.00
-1.00
-1.00
-1.00
0.16
-1.00
-1.00
-1.00
-1.00
-1.00
-1.00
-1.00
-1.00
0.85
-1.00
-1.00
-1.00
-1.00
-1.00
-1.00
-1.00
-1.00
1.54
-1.00
-1.00
-1.00
-1.00
-1.00
0.30
-1.00
-1.00
0.16
0.16
-1.00
-1.00
-1.00
-1.00
1.59
-1.00
-1.00
0.85
0.85
-1.00
-1.00
-1.00
-1.00
2.89
-1.00
-1.00
1.54
1.54
-1.00
-1.00
-1.00
-1.00
0.30
0.30
-1.00
0.16
0.16
0.16
-1.00
-1.00
-1.00
1.59
1.59
-1.00
0.85
0.85
0.85
-1.00
-1.00
-1.00
2.89
2.89
-1.00
1.54
1.54
1.54
0.09
-1.00
-1.00
0.01
0.01
0.01
0.01
0.01
0.01
0.47
-1.00
-1.00
0.06
0.06
0.06
0.03
0.03
0.03
0.85
-1.00
-1.00
0.11
0.11
0.11
0.06
0.06
0.06
0.09
0.09
-1.00
0.01
0.01
0.01
0.01
0.01
0.01
0.47
0.47
-1.00
0.06
0.06
0.06
0.03
0.03
0.03
0.85
0.85
-1.00
0.11
0.11
0.11
0.06
0.06
0.06
0.09
0.09
0.09
0.01
0.01
0.01
0.01
0.01
0.01
0.47
0.47
0.47
0.06
0.06
0.06
0.03
0.03
0.03
0.85
0.85
0.85
0.11
0.11
0.11
0.06
0.06
0.06
-1.00
-1.00
-1.00
0.09
-1.00
-1.00
0.05
-1.00
-1.00
-1.00
-1.00
-1.00
0.47
-1.00
-1.00
0.25
-1.00
-1.00
-1.00
-1.00
-1.00
0.85
-1.00
-1.00
0.45
-1.00
-1.00
-1.00
-1.00
-1.00
0.09
0.09
-1.00
0.05
0.05
0.05
-1.00
-1.00
-1.00
0.47
0.47
-1.00
0.25
0.25
0.25
-1.00
-1.00
-1.00
0.85
0.85
-1.00
0.45
0.45
0.45
-1.00
-1.00
-1.00
0.09
0.09
0.09
0.05
0.05
0.05
-1.00
-1.00
-1.00
0.47
0.47
0.47
0.25
0.25
0.25
-1.00
-1.00
-1.00
0.85
0.85
0.85
0.45
0.45
0.45
-1.00
-1.00
-1.00
-1.00
-1.00
-1.00
0.09
-1.00
-1.00
-1.00
-1.00
-1.00
-1.00
-1.00
-1.00
0.47
-1.00
-1.00
-1.00
-1.00
-1.00
-1.00
-1.00
-1.00
0.85
-1.00
-1.00
-1.00
-1.00
-1.00
0.16
-1.00
-1.00
0.09
0.09
-1.00
-1.00
-1.00
-1.00
0.88
-1.00
-1.00
0.47
0.47
-1.00
-1.00
-1.00
-1.00
1.59
-1.00
-1.00
0.85
0.85
-1.00
-1.00
-1.00
-1.00
0.16
0.16
-1.00
0.09
0.09
0.09
-1.00
-1.00
-1.00
0.88
0.88
-1.00
0.47
0.47
0.47
-1.00
-1.00
-1.00
1.59
1.59
-1.00
0.85
0.85
0.85
