1.00
-1.00
-1.00
0.12
0.12
0.18
0.06
0.06
0.06
5.40
-1.00
-1.00
0.65
0.65
0.98
0.35
0.35
0.35
9.79
-1.00
-1.00
1.17
1.17
1.78
0.63
0.63
0.63
1.00
1.00
-1.00
0.12
0.12
0.12
0.06
0.06
0.06
5.40
5.40
-1.00
0.65
0.65
0.65
0.35
0.35
0.35
9.79
9.79
-1.00
1.17
1.17
1.17
0.63
0.63
0.63
1.00
1.00
1.00
0.12
0.12
0.12
0.06
0.06
0.06
5.40
5.40
5.40
0.65
0.65
0.65
0.35
0.35
0.35
9.79
9.79
9.79
1.17
1.17
1.17
0.63
0.63
0.63
-1.00
-1.00
-1.00
1.00
-1.00
-1.00
0.53
-1.00
-1.00
-1.00
-1.00
-1.00
5.40
-1.00
-1.00
2.87
-1.00
-1.00
-1.00
-1.00
-1.00
9.79
-1.00
-1.00
5.21
-1.00
-1.00
-1.00
-1.00
-1.00
1.00
1.00
-1.00
0.53
0.53
0.53
-1.00
-1.00
-1.00
5.40
5.40
-1.00
2.87
2.87
2.87
-1.00
-1.00
-1.00
9.79
9.79
-1.00
5.21
5.21
5.21
-1.00
-1.00
-1.00
1.00
1.00
1.00
0.53
0.53
0.53
-1.00
-1.00
-1.00
5.40
5.40
5.40
2.87
2.87
2.87
-1.00
-1.00
-1.00
9.79
9.79
9.79
5.21
5.21
5.21
-1.00
-1.00
-1.00
-1.00
-1.00
-1.00
1.00
-1.00
-1.00
-1.00
-1.00
-1.00
-1.00
-1.00
-1.00
5.40
-1.00
-1.00
-1.00
-1.00
-1.00
-1.00
-1.00
-1.00
9.79
-1.00
-1.00
-1.00
-1.00
-1.00
-1.00
-1.00
-1.00
1.00
1.00
-1.00
-1.00
-1.00
-1.00
-1.00
-1.00
-1.00
5.40
5.40
-1.00
-1.00
-1.00
-1.00
-1.00
-1.00
-1.00
9.79
9.79
-1.00
-1.00
-1.00
-1.00
-1.00
-1.00
-1.00
1.00
1.00
1.00
-1.00
-1.00
-1.00
-1.00
-1.00
-1.00
5.40
5.40
5.40
-1.00
-1.00
-1.00
-1.00
-1.00
-1.00
9.79
9.79
9.79
0.19
-1.00
-1.00
0.02
0.02
0.03
0.01
0.01
0.01
1.00
-1.00
-1.00
0.12
0.12
0.18
0.06
0.06
0.06
1.81
-1.00
-1.00
0.22
0.22
0.33
0.12
0.12
0.12
0.19
0.19
-1.00
0.02
0.02
0.02
0.01
0.01
0.01
1.00
1.00
-1.00
0.12
0.12
0.12
0.06
0.06
0.06
1.81
1.81
-1.00
0.22
0.22
0.22
0.12
0.12
0.12
0.19
0.19
0.19
0.02
0.02
0.02
0.01
0.01
0.01
1.00
1.00
1.00
0.12
0.12
0.12
0.06
0.06
0.06
1.81
1.81
1.81
0.22
0.22
0.22
0.12
0.12
0.12
-1.00
-1.00
-1.00
0.19
-1.00
-1.00
0.10
-1.00
-1.00
-1.00
-1.00
-1.00
1.00
-1.00
-1.00
0.53
-1.00
-1.00
-1.00
-1.00
-1.00
1.81
-1.00
-1.00
0.97
-1.00
-1.00
-1.00
-1.00
-1.00
0.19
0.19
-1.00
0.10
0.10
0.10
-1.00
-1.00
-1.00
1.00
1.00
-1.00
0.53
0.53
0.53
-1.00
-1.00
-1.00
1.81
1.81
-1.00
0.97
0.97
0.97
-1.00
-1.00
-1.00
0.19
0.19
0.19
0.10
0.10
0.10
-1.00
-1.00
-1.00
1.00
1.00
1.00
0.53
0.53
0.53
-1.00
-1.00
-1.00
1.81
1.81
1.81
0.97
0.97
0.97
-1.00
-1.00
-1.00
-1.00
-1.00
-1.00
0.19
-1.00
-1.00
-1.00
-1.00
-1.00
-1.00
-1.00
-1.00
1.00
-1.00
-1.00
-1.00
-1.00
-1.00
-1.00
-1.00
-1.00
1.81
-1.00
-1.00
-1.00
-1.00
-1.00
-1.00
-1.00
-1.00
0.19
0.19
-1.00
-1.00
-1.00
-1.00
-1.00
-1.00
-1.00
1.00
1.00
-1.00
-1.00
-1.00
-1.00
-1.00
-1.00
-1.00
1.81
1.81
-1.00
-1.00
-1.00
-1.00
-1.00
-1.00
-1.00
0.19
0.19
0.19
-1.00
-1.00
-1.00
-1.00
-1.00
-1.00
1.00
1.00
1.00
-1.00
-1.00
-1.00
-1.00
-1.00
-1.00
1.81
1.81
1.81
0.10
-1.00
-1.00
0.01
0.01
0.02
0.01
0.01
0.01
0.55
-1.00
-1.00
0.07
0.07
0.10
0.04
0.04
0.04
1.00
-1.00
-1.00
0.12
0.12
0.18
0.06
0.06
0.06
0.10
0.10
-1.00
0.01
0.01
0.01
0.01
0.01
0.01
0.55
0.55
-1.00
0.07
0.07
0.07
0.04
0.04
0.04
1.00
1.00
-1.00
0.12
0.12
0.12
0.06
0.06
0.06
0.10
0.10
0.10
0.01
0.01
0.01
0.01
0.01
0.01
0.55
0.55
0.55
0.07
0.07
0.07
0.04
0.04
0.04
1.00
1.00
1.00
0.12
0.12
0.12
0.06
0.06
0.06
-1.00
-1.00
-1.00
0.10
-1.00
-1.00
0.05
-1.00
-1.00
-1.00
-1.00
-1.00
0.55
-1.00
-1.00
0.29
-1.00
-1.00
-1.00
-1.00
-1.00
1.00
-1.00
-1.00
0.53
-1.00
-1.00
-1.00
-1.00
-1.00
0.10
0.10
-1.00
0.05
0.05
0.05
-1.00
-1.00
-1.00
0.55
0.55
-1.00
0.29
0.29
0.29
-1.00
-1.00
-1.00
1.00
1.00
-1.00
0.53
0.53
0.53
-1.00
-1.00
-1.00
0.10
0.10
0.10
0.05
0.05
0.05
-1.00
-1.00
-1.00
0.55
0.55
0.55
0.29
0.29
0.29
-1.00
-1.00
-1.00
1.00
1.00
1.00
0.53
0.53
0.53
-1.00
-1.00
-1.00
-1.00
-1.00
-1.00
0.10
-1.00
-1.00
-1.00
-1.00
-1.00
-1.00
-1.00
-1.00
0.55
-1.00
-1.00
-1.00
-1.00
-1.00
-1.00
-1.00
-1.00
1.00
-1.00
-1.00
-1.00
-1.00
-1.00
-1.00
-1.00
-1.00
0.10
0.10
-1.00
-1.00
-1.00
-1.00
-1.00
-1.00
-1.00
0.55
0.55
-1.00
-1.00
-1.00
-1.00
-1.00
-1.00
-1.00
1.00
1.00
-1.00
-1.00
-1.00
-1.00
-1.00
-1.00
-1.00
0.10
0.10
0.10
-1.00
-1.00
-1.00
-1.00
-1.00
-1.00
0.55
0.55
0.55
-1.00
-1.00
-1.00
-1.00
-1.00
-1.00
1.00
1.00
1.00
