0.64
-1.00
-1.00
0.07
0.07
0.07
0.04
0.04
0.04
3.43
-1.00
-1.00
0.36
0.36
0.36
0.21
0.21
0.21
6.22
-1.00
-1.00
0.66
0.66
0.66
0.39
0.39
0.39
0.64
0.64
-1.00
0.07
0.07
0.07
0.04
0.04
0.04
3.43
3.43
-1.00
0.36
0.36
0.36
0.21
0.21
0.21
6.22
6.22
-1.00
0.66
0.66
0.66
0.39
0.39
0.39
0.64
0.64
0.64
0.07
0.07
0.07
0.04
0.04
0.04
3.43
3.43
3.43
0.36
0.36
0.36
0.21
0.21
0.21
6.22
6.22
6.22
0.66
0.66
0.66
0.39
0.39
0.39
-1.00
-1.00
-1.00
0.64
-1.00
-1.00
0.34
-1.00
-1.00
-1.00
-1.00
-1.00
3.43
-1.00
-1.00
1.82
-1.00
-1.00
-1.00
-1.00
-1.00
6.22
-1.00
-1.00
3.31
-1.00
-1.00
-1.00
-1.00
-1.00
0.64
0.64
-1.00
0.34
0.34
0.34
-1.00
-1.00
-1.00
3.43
3.43
-1.00
1.82
1.82
1.82
-1.00
-1.00
-1.00
6.22
6.22
-1.00
3.31
3.31
3.31
-1.00
-1.00
-1.00
0.64
0.64
0.64
0.34
0.34
0.34
-1.00
-1.00
-1.00
3.43
3.43
3.43
1.82
1.82
1.82
-1.00
-1.00
-1.00
6.22
6.22
6.22
3.31
3.31
3.31
-1.00
-1.00
-1.00
-1.00
-1.00
-1.00
0.64
-1.00
-1.00
-1.00
-1.00
-1.00
-1.00
-1.00
-1.00
3.43
-1.00
-1.00
-1.00
-1.00
-1.00
-1.00
-1.00
-1.00
6.22
-1.00
-1.00
-1.00
-1.00
-1.00
1.20
-1.00
-1.00
0.64
0.64
-1.00
-1.00
-1.00
-1.00
6.50
-1.00
-1.00
3.43
3.43
-1.00
-1.00
-1.00
-1.00
11.79
-1.00
-1.00
6.22
6.22
-1.00
-1.00
-1.00
-1.00
1.20
1.20
-1.00
0.64
0.64
0.64
-1.00
-1.00
-1.00
6.50
6.50
-1.00
3.43
3.43
3.43
-1.00
-1.00
-1.00
11.79
11.79
-1.00
6.22
6.22
6.22
0.12
-1.00
-1.00
0.01
0.01
0.01
0.01
0.01
0.01
0.64
-1.00
-1.00
0.07
0.07
0.07
0.04
0.04
0.04
1.15
-1.00
-1.00
0.12
0.12
0.12
0.07
0.07
0.07
0.12
0.12
-1.00
0.01
0.01
0.01
0.01
0.01
0.01
0.64
0.64
-1.00
0.07
0.07
0.07
0.04
0.04
0.04
1.15
1.15
-1.00
0.12
0.12
0.12
0.07
0.07
0.07
0.12
0.12
0.12
0.01
0.01
0.01
0.01
0.01
0.01
0.64
0.64
0.64
0.07
0.07
0.07
0.04
0.04
0.04
1.15
1.15
1.15
0.12
0.12
0.12
0.07
0.07
0.07
-1.00
-1.00
-1.00
0.12
-1.00
-1.00
0.06
-1.00
-1.00
-1.00
-1.00
-1.00
0.64
-1.00
-1.00
0.34
-1.00
-1.00
-1.00
-1.00
-1.00
1.15
-1.00
-1.00
0.61
-1.00
-1.00
-1.00
-1.00
-1.00
0.12
0.12
-1.00
0.06
0.06
0.06
-1.00
-1.00
-1.00
0.64
0.64
-1.00
0.34
0.34
0.34
-1.00
-1.00
-1.00
1.15
1.15
-1.00
0.61
0.61
0.61
-1.00
-1.00
-1.00
0.12
0.12
0.12
0.06
0.06
0.06
-1.00
-1.00
-1.00
0.64
0.64
0.64
0.34
0.34
0.34
-1.00
-1.00
-1.00
1.15
1.15
1.15
0.61
0.61
0.61
-1.00
-1.00
-1.00
-1.00
-1.00
-1.00
0.12
-1.00
-1.00
-1.00
-1.00
-1.00
-1.00
-1.00
-1.00
0.64
-1.00
-1.00
-1.00
-1.00
-1.00
-1.00
-1.00
-1.00
1.15
-1.00
-1.00
-1.00
-1.00
-1.00
0.22
-1.00
-1.00
0.12
0.12
-1.00
-1.00
-1.00
-1.00
1.20
-1.00
-1.00
0.64
0.64
-1.00
-1.00
-1.00
-1.00
2.19
-1.00
-1.00
1.15
1.15
-1.00
-1.00
-1.00
-1.00
0.22
0.22
-1.00
0.12
0.12
0.12
-1.00
-1.00
-1.00
1.20
1.20
-1.00
0.64
0.64
0.64
-1.00
-1.00
-1.00
2.19
2.19
-1.00
1.15
1.15
1.15
0.06
-1.00
-1.00
0.01
0.01
0.01
0.00
0.00
0.00
0.35
-1.00
-1.00
0.04
0.04
0.04
0.02
0.02
0.02
0.64
-1.00
-1.00
0.07
0.07
0.07
0.04
0.04
0.04
0.06
0.06
-1.00
0.01
0.01
0.01
0.00
0.00
0.00
0.35
0.35
-1.00
0.04
0.04
0.04
0.02
0.02
0.02
0.64
0.64
-1.00
0.07
0.07
0.07
0.04
0.04
0.04
0.06
0.06
0.06
0.01
0.01
0.01
0.00
0.00
0.00
0.35
0.35
0.35
0.04
0.04
0.04
0.02
0.02
0.02
0.64
0.64
0.64
0.07
0.07
0.07
0.04
0.04
0.04
-1.00
-1.00
-1.00
0.06
-1.00
-1.00
0.03
-1.00
-1.00
-1.00
-1.00
-1.00
0.35
-1.00
-1.00
0.19
-1.00
-1.00
-1.00
-1.00
-1.00
0.64
-1.00
-1.00
0.34
-1.00
-1.00
-1.00
-1.00
-1.00
0.06
0.06
-1.00
0.03
0.03
0.03
-1.00
-1.00
-1.00
0.35
0.35
-1.00
0.19
0.19
0.19
-1.00
-1.00
-1.00
0.64
0.64
-1.00
0.34
0.34
0.34
-1.00
-1.00
-1.00
0.06
0.06
0.06
0.03
0.03
0.03
-1.00
-1.00
-1.00
0.35
0.35
0.35
0.19
0.19
0.19
-1.00
-1.00
-1.00
0.64
0.64
0.64
0.34
0.34
0.34
-1.00
-1.00
-1.00
-1.00
-1.00
-1.00
0.06
-1.00
-1.00
-1.00
-1.00
-1.00
-1.00
-1.00
-1.00
0.35
-1.00
-1.00
-1.00
-1.00
-1.00
-1.00
-1.00
-1.00
0.64
-1.00
-1.00
-1.00
-1.00
-1.00
0.12
-1.00
-1.00
0.06
0.06
-1.00
-1.00
-1.00
-1.00
0.66
-1.00
-1.00
0.35
0.35
-1.00
-1.00
-1.00
-1.00
1.20
-1.00
-1.00
0.64
0.64
-1.00
-1.00
-1.00
-1.00
0.12
0.12
-1.00
0.06
0.06
0.06
-1.00
-1.00
-1.00
0.66
0.66
-1.00
0.35
0.35
0.35
-1.00
-1.00
-1.00
1.20
1.20
-1.00
0.64
0.64
0.64
