1.00
-1.00
-1.00
0.07
0.07
-1.00
0.04
0.04
0.04
5.40
-1.00
-1.00
0.39
0.39
-1.00
0.22
0.22
0.22
9.79
-1.00
-1.00
0.72
0.72
-1.00
0.40
0.40
0.40
0.58
1.00
-1.00
0.07
0.07
0.07
0.04
0.04
0.04
3.14
5.40
-1.00
0.39
0.39
0.39
0.22
0.22
0.22
5.70
9.79
-1.00
0.72
0.72
0.72
0.40
0.40
0.40
0.58
0.58
1.00
0.07
0.07
0.07
0.04
0.04
0.04
3.14
3.14
5.40
0.39
0.39
0.39
0.22
0.22
0.22
5.70
5.70
9.79
0.72
0.72
0.72
0.40
0.40
0.40
-1.00
-1.00
-1.00
1.00
-1.00
-1.00
0.31
-1.00
-1.00
-1.00
-1.00
-1.00
5.40
-1.00
-1.00
1.68
-1.00
-1.00
-1.00
-1.00
-1.00
9.79
-1.00
-1.00
3.05
-1.00
-1.00
-1.00
-1.00
-1.00
0.58
1.00
-1.00
0.31
0.31
0.36
-1.00
-1.00
-1.00
3.14
5.40
-1.00
1.68
1.68
1.95
-1.00
-1.00
-1.00
5.70
9.79
-1.00
3.05
3.05
3.53
-1.00
-1.00
-1.00
0.58
0.58
1.00
0.31
0.31
0.31
-1.00
-1.00
-1.00
3.14
3.14
5.40
1.68
1.68
1.68
-1.00
-1.00
-1.00
5.70
5.70
9.79
3.05
3.05
3.05
-1.00
-1.00
-1.00
-1.00
-1.00
-1.00
1.00
-1.00
-1.00
-1.00
-1.00
-1.00
-1.00
-1.00
-1.00
5.40
-1.00
-1.00
-1.00
-1.00
-1.00
-1.00
-1.00
-1.00
9.79
-1.00
-1.00
-1.00
-1.00
-1.00
1.09
-1.00
-1.00
0.58
1.00
-1.00
-1.00
-1.00
-1.00
5.89
-1.00
-1.00
3.14
5.40
-1.00
-1.00
-1.00
-1.00
10.69
-1.00
-1.00
5.70
9.79
-1.00
-1.00
-1.00
-1.00
1.09
-1.00
-1.00
0.58
0.58
1.00
-1.00
-1.00
-1.00
5.89
-1.00
-1.00
3.14
3.14
5.40
-1.00
-1.00
-1.00
10.69
-1.00
-1.00
5.70
5.70
9.79
0.19
-1.00
-1.00
0.01
0.01
-1.00
0.01
0.01
0.01
1.00
-1.00
-1.00
0.07
0.07
-1.00
0.04
0.04
0.04
1.81
-1.00
-1.00
0.13
0.13
-1.00
0.07
0.07
0.07
0.11
0.19
-1.00
0.01
0.01
0.01
0.01
0.01
0.01
0.58
1.00
-1.00
0.07
0.07
0.07
0.04
0.04
0.04
1.06
1.81
-1.00
0.13
0.13
0.13
0.07
0.07
0.07
0.11
0.11
0.19
0.01
0.01
0.01
0.01
0.01
0.01
0.58
0.58
1.00
0.07
0.07
0.07
0.04
0.04
0.04
1.06
1.06
1.81
0.13
0.13
0.13
0.07
0.07
0.07
-1.00
-1.00
-1.00
0.19
-1.00
-1.00
0.06
-1.00
-1.00
-1.00
-1.00
-1.00
1.00
-1.00
-1.00
0.31
-1.00
-1.00
-1.00
-1.00
-1.00
1.81
-1.00
-1.00
0.57
-1.00
-1.00
-1.00
-1.00
-1.00
0.11
0.19
-1.00
0.06
0.06
0.07
-1.00
-1.00
-1.00
0.58
1.00
-1.00
0.31
0.31
0.36
-1.00
-1.00
-1.00
1.06
1.81
-1.00
0.57
0.57
0.65
-1.00
-1.00
-1.00
0.11
0.11
0.19
0.06
0.06
0.06
-1.00
-1.00
-1.00
0.58
0.58
1.00
0.31
0.31
0.31
-1.00
-1.00
-1.00
1.06
1.06
1.81
0.57
0.57
0.57
-1.00
-1.00
-1.00
-1.00
-1.00
-1.00
0.19
-1.00
-1.00
-1.00
-1.00
-1.00
-1.00
-1.00
-1.00
1.00
-1.00
-1.00
-1.00
-1.00
-1.00
-1.00
-1.00
-1.00
1.81
-1.00
-1.00
-1.00
-1.00
-1.00
0.20
-1.00
-1.00
0.11
0.19
-1.00
-1.00
-1.00
-1.00
1.09
-1.00
-1.00
0.58
1.00
-1.00
-1.00
-1.00
-1.00
1.98
-1.00
-1.00
1.06
1.81
-1.00
-1.00
-1.00
-1.00
0.20
-1.00
-1.00
0.11
0.11
0.19
-1.00
-1.00
-1.00
1.09
-1.00
-1.00
0.58
0.58
1.00
-1.00
-1.00
-1.00
1.98
-1.00
-1.00
1.06
1.06
1.81
0.10
-1.00
-1.00
0.01
0.01
-1.00
0.00
0.00
0.00
0.55
-1.00
-1.00
0.04
0.04
-1.00
0.02
0.02
0.02
1.00
-1.00
-1.00
0.07
0.07
-1.00
0.04
0.04
0.04
0.06
0.10
-1.00
0.01
0.01
0.01
0.00
0.00
0.00
0.32
0.55
-1.00
0.04
0.04
0.04
0.02
0.02
0.02
0.58
1.00
-1.00
0.07
0.07
0.07
0.04
0.04
0.04
0.06
0.06
0.10
0.01
0.01
0.01
0.00
0.00
0.00
0.32
0.32
0.55
0.04
0.04
0.04
0.02
0.02
0.02
0.58
0.58
1.00
0.07
0.07
0.07
0.04
0.04
0.04
-1.00
-1.00
-1.00
0.10
-1.00
-1.00
0.03
-1.00
-1.00
-1.00
-1.00
-1.00
0.55
-1.00
-1.00
0.17
-1.00
-1.00
-1.00
-1.00
-1.00
1.00
-1.00
-1.00
0.31
-1.00
-1.00
-1.00
-1.00
-1.00
0.06
0.10
-1.00
0.03
0.03
0.04
-1.00
-1.00
-1.00
0.32
0.55
-1.00
0.17
0.17
0.20
-1.00
-1.00
-1.00
0.58
1.00
-1.00
0.31
0.31
0.36
-1.00
-1.00
-1.00
0.06
0.06
0.10
0.03
0.03
0.03
-1.00
-1.00
-1.00
0.32
0.32
0.55
0.17
0.17
0.17
-1.00
-1.00
-1.00
0.58
0.58
1.00
0.31
0.31
0.31
-1.00
-1.00
-1.00
-1.00
-1.00
-1.00
0.10
-1.00
-1.00
-1.00
-1.00
-1.00
-1.00
-1.00
-1.00
0.55
-1.00
-1.00
-1.00
-1.00
-1.00
-1.00
-1.00
-1.00
1.00
-1.00
-1.00
-1.00
-1.00
-1.00
0.11
-1.00
-1.00
0.06
0.10
-1.00
-1.00
-1.00
-1.00
0.60
-1.00
-1.00
0.32
0.55
-1.00
-1.00
-1.00
-1.00
1.09
-1.00
-1.00
0.58
1.00
-1.00
-1.00
-1.00
-1.00
0.11
-1.00
-1.00
0.06
0.06
0.10
-1.00
-1.00
-1.00
0.60
-1.00
-1.00
0.32
0.32
0.55
-1.00
-1.00
-1.00
1.09
-1.00
-1.00
0.58
0.58
1.00
