1.00
-1.00
-1.00
1.00
-1.00
-1.00
1.00
-1.00
-1.00
5.40
-1.00
-1.00
5.40
-1.00
-1.00
5.40
-1.00
-1.00
9.79
-1.00
-1.00
9.79
-1.00
-1.00
9.79
-1.00
-1.00
1.00
1.00
-1.00
1.00
1.00
-1.00
1.00
1.00
-1.00
5.40
5.40
-1.00
5.40
5.40
-1.00
5.40
5.40
-1.00
9.79
9.79
-1.00
9.79
9.79
-1.00
9.79
9.79
-1.00
1.00
1.00
1.00
1.00
1.00
1.00
1.00
1.00
1.00
5.40
5.40
5.40
5.40
5.40
5.40
5.40
5.40
5.40
9.79
9.79
9.79
9.79
9.79
9.79
9.79
9.79
9.79
-1.00
-1.00
-1.00
1.00
-1.00
-1.00
1.00
-1.00
-1.00
-1.00
-1.00
-1.00
5.40
-1.00
-1.00
5.40
-1.00
-1.00
-1.00
-1.00
-1.00
9.79
-1.00
-1.00
9.79
-1.00
-1.00
-1.00
-1.00
-1.00
1.00
1.00
-1.00
1.00
1.00
-1.00
-1.00
-1.00
-1.00
5.40
5.40
-1.00
5.40
5.40
-1.00
-1.00
-1.00
-1.00
9.79
9.79
-1.00
9.79
9.79
-1.00
5.33
-1.00
-1.00
1.00
1.00
1.00
1.00
1.00
1.00
28.74
-1.00
-1.00
5.40
5.40
5.40
5.40
5.40
5.40
52.15
-1.00
-1.00
9.79
9.79
9.79
9.79
9.79
9.79
-1.00
-1.00
-1.00
-1.00
-1.00
-1.00
1.00
-1.00
-1.00
-1.00
-1.00
-1.00
-1.00
-1.00
-1.00
5.40
-1.00
-1.00
-1.00
-1.00
-1.00
-1.00
-1.00
-1.00
9.79
-1.00
-1.00
-1.00
-1.00
-1.00
1.42
-1.00
-1.00
1.00
1.00
-1.00
-1.00
-1.00
-1.00
7.64
-1.00
-1.00
5.40
5.40
-1.00
-1.00
-1.00
-1.00
13.86
-1.00
-1.00
9.79
9.79
-1.00
-1.00
-1.00
-1.00
1.42
1.58
-1.00
1.00
1.00
1.00
-1.00
-1.00
-1.00
7.64
8.50
-1.00
5.40
5.40
5.40
-1.00
-1.00
-1.00
13.86
15.42
-1.00
9.79
9.79
9.79
0.19
-1.00
-1.00
0.19
-1.00
-1.00
0.19
-1.00
-1.00
1.00
-1.00
-1.00
1.00
-1.00
-1.00
1.00
-1.00
-1.00
1.81
-1.00
-1.00
1.81
-1.00
-1.00
1.81
-1.00
-1.00
0.19
0.19
-1.00
0.19
0.19
-1.00
0.19
0.19
-1.00
1.00
1.00
-1.00
1.00
1.00
-1.00
1.00
1.00
-1.00
1.81
1.81
-1.00
1.81
1.81
-1.00
1.81
1.81
-1.00
0.19
0.19
0.19
0.19
0.19
0.19
0.19
0.19
0.19
1.00
1.00
1.00
1.00
1.00
1.00
1.00
1.00
1.00
1.81
1.81
1.81
1.81
1.81
1.81
1.81
1.81
1.81
-1.00
-1.00
-1.00
0.19
-1.00
-1.00
0.19
-1.00
-1.00
-1.00
-1.00
-1.00
1.00
-1.00
-1.00
1.00
-1.00
-1.00
-1.00
-1.00
-1.00
1.81
-1.00
-1.00
1.81
-1.00
-1.00
-1.00
-1.00
-1.00
0.19
0.19
-1.00
0.19
0.19
-1.00
-1.00
-1.00
-1.00
1.00
1.00
-1.00
1.00
1.00
-1.00
-1.00
-1.00
-1.00
1.81
1.81
-1.00
1.81
1.81
-1.00
0.99
-1.00
-1.00
0.19
0.19
0.19
0.19
0.19
0.19
5.33
-1.00
-1.00
1.00
1.00
1.00
1.00
1.00
1.00
9.67
-1.00
-1.00
1.81
1.81
1.81
1.81
1.81
1.81
-1.00
-1.00
-1.00
-1.00
-1.00
-1.00
0.19
-1.00
-1.00
-1.00
-1.00
-1.00
-1.00
-1.00
-1.00
1.00
-1.00
-1.00
-1.00
-1.00
-1.00
-1.00
-1.00
-1.00
1.81
-1.00
-1.00
-1.00
-1.00
-1.00
0.26
-1.00
-1.00
0.19
0.19
-1.00
-1.00
-1.00
-1.00
1.42
-1.00
-1.00
1.00
1.00
-1.00
-1.00
-1.00
-1.00
2.57
-1.00
-1.00
1.81
1.81
-1.00
-1.00
-1.00
-1.00
0.26
0.29
-1.00
0.19
0.19
0.19
-1.00
-1.00
-1.00
1.42
1.58
-1.00
1.00
1.00
1.00
-1.00
-1.00
-1.00
2.57
2.86
-1.00
1.81
1.81
1.81
0.10
-1.00
-1.00
0.10
-1.00
-1.00
0.10
-1.00
-1.00
0.55
-1.00
-1.00
0.55
-1.00
-1.00
0.55
-1.00
-1.00
1.00
-1.00
-1.00
1.00
-1.00
-1.00
1.00
-1.00
-1.00
0.10
0.10
-1.00
0.10
0.10
-1.00
0.10
0.10
-1.00
0.55
0.55
-1.00
0.55
0.55
-1.00
0.55
0.55
-1.00
1.00
1.00
-1.00
1.00
1.00
-1.00
1.00
1.00
-1.00
0.10
0.10
0.10
0.10
0.10
0.10
0.10
0.10
0.10
0.55
0.55
0.55
0.55
0.55
0.55
0.55
0.55
0.55
1.00
1.00
1.00
1.00
1.00
1.00
1.00
1.00
1.00
-1.00
-1.00
-1.00
0.10
-1.00
-1.00
0.10
-1.00
-1.00
-1.00
-1.00
-1.00
0.55
-1.00
-1.00
0.55
-1.00
-1.00
-1.00
-1.00
-1.00
1.00
-1.00
-1.00
1.00
-1.00
-1.00
-1.00
-1.00
-1.00
0.10
0.10
-1.00
0.10
0.10
-1.00
-1.00
-1.00
-1.00
0.55
0.55
-1.00
0.55
0.55
-1.00
-1.00
-1.00
-1.00
1.00
1.00
-1.00
1.00
1.00
-1.00
0.54
-1.00
-1.00
0.10
0.10
0.10
0.10
0.10
0.10
2.94
-1.00
-1.00
0.55
0.55
0.55
0.55
0.55
0.55
5.33
-1.00
-1.00
1.00
1.00
1.00
1.00
1.00
1.00
-1.00
-1.00
-1.00
-1.00
-1.00
-1.00
0.10
-1.00
-1.00
-1.00
-1.00
-1.00
-1.00
-1.00
-1.00
0.55
-1.00
-1.00
-1.00
-1.00
-1.00
-1.00
-1.00
-1.00
1.00
-1.00
-1.00
-1.00
-1.00
-1.00
0.14
-1.00
-1.00
0.10
0.10
-1.00
-1.00
-1.00
-1.00
0.78
-1.00
-1.00
0.55
0.55
-1.00
-1.00
-1.00
-1.00
1.42
-1.00
-1.00
1.00
1.00
-1.00
-1.00
-1.00
-1.00
0.14
0.16
-1.00
0.10
0.10
0.10
-1.00
-1.00
-1.00
0.78
0.87
-1.00
0.55
0.55
0.55
-1.00
-1.00
-1.00
1.42
1.58
-1.00
1.00
1.00
1.00
