1.00
-1.00
-1.00
0.70
0.80
0.81
0.53
0.53
0.53
1.02
-1.00
-1.00
0.70
0.81
0.83
0.54
0.54
0.54
1.02
-1.00
-1.00
0.70
0.81
0.83
0.54
0.54
0.54
0.81
1.00
1.00
0.56
0.56
0.57
0.53
0.53
0.53
0.83
1.02
1.02
0.56
0.56
0.57
0.54
0.54
0.54
0.83
1.02
1.02
0.56
0.56
0.57
0.54
0.54
0.54
0.81
1.00
1.00
0.56
0.56
0.57
0.53
0.53
0.53
0.83
1.02
1.02
0.56
0.56
0.57
0.54
0.54
0.54
0.83
1.02
1.02
0.56
0.56
0.57
0.54
0.54
0.54
-1.00
-1.00
-1.00
1.00
-1.00
-1.00
0.73
0.84
0.85
-1.00
-1.00
-1.00
1.02
-1.00
-1.00
0.74
0.85
0.86
-1.00
-1.00
-1.00
1.02
-1.00
-1.00
0.74
0.85
0.86
-1.00
-1.00
-1.00
0.83
1.00
1.00
0.58
0.61
0.63
-1.00
-1.00
-1.00
0.85
1.02
1.02
0.58
0.62
0.64
-1.00
-1.00
-1.00
0.85
1.02
1.02
0.58
0.62
0.64
-1.00
-1.00
-1.00
0.83
1.00
1.00
0.58
0.61
0.63
-1.00
-1.00
-1.00
0.85
1.02
1.02
0.58
0.62
0.64
-1.00
-1.00
-1.00
0.85
1.02
1.02
0.58
0.62
0.64
-1.00
-1.00
-1.00
-1.00
-1.00
-1.00
1.00
-1.00
-1.00
-1.00
-1.00
-1.00
-1.00
-1.00
-1.00
1.02
-1.00
-1.00
-1.00
-1.00
-1.00
-1.00
-1.00
-1.00
1.02
-1.00
-1.00
-1.00
-1.00
-1.00
-1.00
-1.00
-1.00
0.85
1.00
1.00
-1.00
-1.00
-1.00
-1.00
-1.00
-1.00
0.86
1.02
1.02
-1.00
-1.00
-1.00
-1.00
-1.00
-1.00
0.86
1.02
1.02
-1.00
-1.00
-1.00
-1.00
-1.00
-1.00
0.85
1.00
1.00
-1.00
-1.00
-1.00
-1.00
-1.00
-1.00
0.86
1.02
1.02
-1.00
-1.00
-1.00
-1.00
-1.00
-1.00
0.86
1.02
1.02
0.98
-1.00
-1.00
0.68
0.78
0.79
0.52
0.52
0.52
1.00
-1.00
-1.00
0.69
0.80
0.81
0.53
0.53
0.53
1.00
-1.00
-1.00
0.69
0.80
0.81
0.53
0.53
0.53
0.80
0.98
0.98
0.54
0.54
0.56
0.52
0.52
0.52
0.81
1.00
1.00
0.55
0.55
0.56
0.53
0.53
0.53
0.81
1.00
1.00
0.55
0.55
0.56
0.53
0.53
0.53
0.80
0.98
0.98
0.54
0.54
0.56
0.52
0.52
0.52
0.81
1.00
1.00
0.55
0.55
0.56
0.53
0.53
0.53
0.81
1.00
1.00
0.55
0.55
0.56
0.53
0.53
0.53
-1.00
-1.00
-1.00
0.98
-1.00
-1.00
0.72
0.82
0.83
-1.00
-1.00
-1.00
1.00
-1.00
-1.00
0.72
0.84
0.84
-1.00
-1.00
-1.00
1.00
-1.00
-1.00
0.72
0.84
0.84
-1.00
-1.00
-1.00
0.82
0.98
0.98
0.57
0.60
0.62
-1.00
-1.00
-1.00
0.83
1.00
1.00
0.57
0.60
0.62
-1.00
-1.00
-1.00
0.83
1.00
1.00
0.57
0.60
0.62
-1.00
-1.00
-1.00
0.82
0.98
0.98
0.57
0.60
0.62
-1.00
-1.00
-1.00
0.83
1.00
1.00
0.57
0.60
0.62
-1.00
-1.00
-1.00
0.83
1.00
1.00
0.57
0.60
0.62
-1.00
-1.00
-1.00
-1.00
-1.00
-1.00
0.98
-1.00
-1.00
-1.00
-1.00
-1.00
-1.00
-1.00
-1.00
1.00
-1.00
-1.00
-1.00
-1.00
-1.00
-1.00
-1.00
-1.00
1.00
-1.00
-1.00
-1.00
-1.00
-1.00
-1.00
-1.00
-1.00
0.83
0.98
0.98
-1.00
-1.00
-1.00
-1.00
-1.00
-1.00
0.84
1.00
1.00
-1.00
-1.00
-1.00
-1.00
-1.00
-1.00
0.84
1.00
1.00
-1.00
-1.00
-1.00
-1.00
-1.00
-1.00
0.83
0.98
0.98
-1.00
-1.00
-1.00
-1.00
-1.00
-1.00
0.84
1.00
1.00
-1.00
-1.00
-1.00
-1.00
-1.00
-1.00
0.84
1.00
1.00
0.98
-1.00
-1.00
0.68
0.78
0.79
0.52
0.52
0.52
1.00
-1.00
-1.00
0.69
0.80
0.81
0.53
0.53
0.53
1.00
-1.00
-1.00
0.69
0.80
0.81
0.53
0.53
0.53
0.80
0.98
0.98
0.54
0.54
0.56
0.52
0.52
0.52
0.81
1.00
1.00
0.55
0.55
0.56
0.53
0.53
0.53
0.81
1.00
1.00
0.55
0.55
0.56
0.53
0.53
0.53
0.80
0.98
0.98
0.54
0.54
0.56
0.52
0.52
0.52
0.81
1.00
1.00
0.55
0.55
0.56
0.53
0.53
0.53
0.81
1.00
1.00
0.55
0.55
0.56
0.53
0.53
0.53
-1.00
-1.00
-1.00
0.98
-1.00
-1.00
0.72
0.82
0.83
-1.00
-1.00
-1.00
1.00
-1.00
-1.00
0.72
0.84
0.84
-1.00
-1.00
-1.00
1.00
-1.00
-1.00
0.72
0.84
0.84
-1.00
-1.00
-1.00
0.82
0.98
0.98
0.57
0.60
0.62
-1.00
-1.00
-1.00
0.83
1.00
1.00
0.57
0.60
0.62
-1.00
-1.00
-1.00
0.83
1.00
1.00
0.57
0.60
0.62
-1.00
-1.00
-1.00
0.82
0.98
0.98
0.57
0.60
0.62
-1.00
-1.00
-1.00
0.83
1.00
1.00
0.57
0.60
0.62
-1.00
-1.00
-1.00
0.83
1.00
1.00
0.57
0.60
0.62
-1.00
-1.00
-1.00
-1.00
-1.00
-1.00
0.98
-1.00
-1.00
-1.00
-1.00
-1.00
-1.00
-1.00
-1.00
1.00
-1.00
-1.00
-1.00
-1.00
-1.00
-1.00
-1.00
-1.00
1.00
-1.00
-1.00
-1.00
-1.00
-1.00
-1.00
-1.00
-1.00
0.83
0.98
0.98
-1.00
-1.00
-1.00
-1.00
-1.00
-1.00
0.84
1.00
1.00
-1.00
-1.00
-1.00
-1.00
-1.00
-1.00
0.84
1.00
1.00
-1.00
-1.00
-1.00
-1.00
-1.00
-1.00
0.83
0.98
0.98
-1.00
-1.00
-1.00
-1.00
-1.00
-1.00
0.84
1.00
1.00
-1.00
-1.00
-1.00
-1.00
-1.00
-1.00
0.84
1.00
1.00
