1.00
1.20
1.33
0.83
0.83
0.83
0.71
0.71
0.71
1.02
1.22
1.35
0.84
0.84
0.84
0.72
0.72
0.72
1.03
1.23
1.37
0.85
0.85
0.85
0.73
0.73
0.73
1.00
1.00
1.17
0.83
0.83
0.83
0.71
0.71
0.71
1.02
1.02
1.18
0.84
0.84
0.84
0.72
0.72
0.72
1.03
1.03
1.20
0.85
0.85
0.85
0.73
0.73
0.73
1.00
1.00
1.00
0.83
0.83
0.83
0.71
0.71
0.71
1.02
1.02
1.02
0.84
0.84
0.84
0.72
0.72
0.72
1.03
1.03
1.03
0.85
0.85
0.85
0.73
0.73
0.73
0.00
0.00
0.00
1.00
0.00
0.00
0.85
0.85
0.85
0.00
0.00
0.00
1.02
0.00
0.00
0.87
0.87
0.87
0.00
0.00
0.00
1.03
0.00
0.00
0.88
0.88
0.88
0.00
0.00
0.00
1.00
1.00
0.00
0.85
0.85
0.85
0.00
0.00
0.00
1.02
1.02
0.00
0.87
0.87
0.87
0.00
0.00
0.00
1.03
1.03
0.00
0.88
0.88
0.88
1.82
0.00
0.00
1.00
1.00
1.00
0.85
0.85
0.85
1.85
0.00
0.00
1.02
1.02
1.02
0.87
0.87
0.87
1.88
0.00
0.00
1.03
1.03
1.03
0.88
0.88
0.88
0.00
0.00
0.00
0.00
0.00
0.00
1.00
0.00
0.00
0.00
0.00
0.00
0.00
0.00
0.00
1.02
0.00
0.00
0.00
0.00
0.00
0.00
0.00
0.00
1.03
0.00
0.00
0.00
0.00
0.00
0.00
0.00
0.00
1.00
1.00
0.00
0.00
0.00
0.00
0.00
0.00
0.00
1.02
1.02
0.00
0.00
0.00
0.00
0.00
0.00
0.00
1.03
1.03
0.00
0.00
0.00
0.00
0.00
0.00
0.00
1.00
1.00
1.00
0.00
0.00
0.00
0.00
0.00
0.00
1.02
1.02
1.02
0.00
0.00
0.00
0.00
0.00
0.00
1.03
1.03
1.03
0.98
1.18
1.31
0.81
0.81
0.81
0.69
0.69
0.69
1.00
1.20
1.33
0.83
0.83
0.83
0.71
0.71
0.71
1.02
1.22
1.35
0.84
0.84
0.84
0.72
0.72
0.72
0.98
0.98
1.15
0.81
0.81
0.81
0.69
0.69
0.69
1.00
1.00
1.17
0.83
0.83
0.83
0.71
0.71
0.71
1.02
1.02
1.18
0.84
0.84
0.84
0.72
0.72
0.72
0.98
0.98
0.98
0.81
0.81
0.81
0.69
0.69
0.69
1.00
1.00
1.00
0.83
0.83
0.83
0.71
0.71
0.71
1.02
1.02
1.02
0.84
0.84
0.84
0.72
0.72
0.72
0.00
0.00
0.00
0.98
0.00
0.00
0.84
0.84
0.84
0.00
0.00
0.00
1.00
0.00
0.00
0.85
0.85
0.85
0.00
0.00
0.00
1.02
0.00
0.00
0.87
0.87
0.87
0.00
0.00
0.00
0.98
0.98
0.00
0.84
0.84
0.84
0.00
0.00
0.00
1.00
1.00
0.00
0.85
0.85
0.85
0.00
0.00
0.00
1.02
1.02
0.00
0.87
0.87
0.87
1.80
0.00
0.00
0.98
0.98
0.98
0.84
0.84
0.84
1.82
0.00
0.00
1.00
1.00
1.00
0.85
0.85
0.85
1.85
0.00
0.00
1.02
1.02
1.02
0.87
0.87
0.87
0.00
0.00
0.00
0.00
0.00
0.00
0.98
0.00
0.00
0.00
0.00
0.00
0.00
0.00
0.00
1.00
0.00
0.00
0.00
0.00
0.00
0.00
0.00
0.00
1.02
0.00
0.00
0.00
0.00
0.00
0.00
0.00
0.00
0.98
0.98
0.00
0.00
0.00
0.00
0.00
0.00
0.00
1.00
1.00
0.00
0.00
0.00
0.00
0.00
0.00
0.00
1.02
1.02
0.00
0.00
0.00
0.00
0.00
0.00
0.00
0.98
0.98
0.98
0.00
0.00
0.00
0.00
0.00
0.00
1.00
1.00
1.00
0.00
0.00
0.00
0.00
0.00
0.00
1.02
1.02
1.02
0.97
1.16
1.29
0.80
0.80
0.80
0.68
0.68
0.68
0.98
1.18
1.31
0.81
0.81
0.81
0.69
0.69
0.69
1.00
1.20
1.33
0.83
0.83
0.83
0.71
0.71
0.71
0.97
0.97
1.13
0.80
0.80
0.80
0.68
0.68
0.68
0.98
0.98
1.15
0.81
0.81
0.81
0.69
0.69
0.69
1.00
1.00
1.17
0.83
0.83
0.83
0.71
0.71
0.71
0.97
0.97
0.97
0.80
0.80
0.80
0.68
0.68
0.68
0.98
0.98
0.98
0.81
0.81
0.81
0.69
0.69
0.69
1.00
1.00
1.00
0.83
0.83
0.83
0.71
0.71
0.71
0.00
0.00
0.00
0.97
0.00
0.00
0.83
0.83
0.83
0.00
0.00
0.00
0.98
0.00
0.00
0.84
0.84
0.84
0.00
0.00
0.00
1.00
0.00
0.00
0.85
0.85
0.85
0.00
0.00
0.00
0.97
0.97
0.00
0.83
0.83
0.83
0.00
0.00
0.00
0.98
0.98
0.00
0.84
0.84
0.84
0.00
0.00
0.00
1.00
1.00
0.00
0.85
0.85
0.85
1.77
0.00
0.00
0.97
0.97
0.97
0.83
0.83
0.83
1.80
0.00
0.00
0.98
0.98
0.98
0.84
0.84
0.84
1.83
0.00
0.00
1.00
1.00
1.00
0.85
0.85
0.85
0.00
0.00
0.00
0.00
0.00
0.00
0.97
0.00
0.00
0.00
0.00
0.00
0.00
0.00
0.00
0.98
0.00
0.00
0.00
0.00
0.00
0.00
0.00
0.00
1.00
0.00
0.00
0.00
0.00
0.00
0.00
0.00
0.00
0.97
0.97
0.00
0.00
0.00
0.00
0.00
0.00
0.00
0.98
0.98
0.00
0.00
0.00
0.00
0.00
0.00
0.00
1.00
1.00
0.00
0.00
0.00
0.00
0.00
0.00
0.00
0.97
0.97
0.97
0.00
0.00
0.00
0.00
0.00
0.00
0.98
0.98
0.98
0.00
0.00
0.00
0.00
0.00
0.00
1.00
1.00
1.00
