1.00
0.00
0.00
0.91
0.91
0.91
0.77
0.77
0.77
1.03
0.00
0.00
0.93
0.93
0.93
0.79
0.79
0.79
1.06
0.00
0.00
0.96
0.96
0.96
0.80
0.80
0.80
1.00
1.00
0.00
0.91
0.91
0.91
0.77
0.77
0.77
1.03
1.03
0.00
0.93
0.93
0.93
0.79
0.79
0.79
1.06
1.06
0.00
0.96
0.96
0.96
0.80
0.80
0.80
1.00
1.00
1.00
0.91
0.91
0.91
0.77
0.77
0.77
1.03
1.03
1.03
0.93
0.93
0.93
0.79
0.79
0.79
1.06
1.06
1.06
0.96
0.96
0.96
0.80
0.80
0.80
0.00
0.00
0.00
1.00
0.00
0.00
0.89
0.89
0.89
0.00
0.00
0.00
1.03
0.00
0.00
0.91
0.91
0.91
0.00
0.00
0.00
1.06
0.00
0.00
0.93
0.93
0.93
0.00
0.00
0.00
1.00
1.00
0.00
0.89
0.89
0.89
0.00
0.00
0.00
1.03
1.03
0.00
0.91
0.91
0.91
0.00
0.00
0.00
1.06
1.06
0.00
0.93
0.93
0.93
0.00
0.00
0.00
1.00
1.00
1.00
0.89
0.89
0.89
0.00
0.00
0.00
1.03
1.03
1.03
0.91
0.91
0.91
0.00
0.00
0.00
1.06
1.06
1.06
0.93
0.93
0.93
0.00
0.00
0.00
0.00
0.00
0.00
1.00
0.00
0.00
0.00
0.00
0.00
0.00
0.00
0.00
1.03
0.00
0.00
0.00
0.00
0.00
0.00
0.00
0.00
1.06
0.00
0.00
0.00
0.00
0.00
0.00
0.00
0.00
1.00
1.00
0.00
0.00
0.00
0.00
0.00
0.00
0.00
1.03
1.03
0.00
0.00
0.00
0.00
0.00
0.00
0.00
1.06
1.06
0.00
0.00
0.00
0.00
0.00
0.00
0.00
1.00
1.00
1.00
0.00
0.00
0.00
0.00
0.00
0.00
1.03
1.03
1.03
0.00
0.00
0.00
0.00
0.00
0.00
1.06
1.06
1.06
0.97
0.00
0.00
0.88
0.88
0.88
0.75
0.75
0.75
1.00
0.00
0.00
0.91
0.91
0.91
0.76
0.76
0.76
1.03
0.00
0.00
0.93
0.93
0.93
0.78
0.78
0.78
0.97
0.97
0.00
0.88
0.88
0.88
0.75
0.75
0.75
1.00
1.00
0.00
0.91
0.91
0.91
0.76
0.76
0.76
1.03
1.03
0.00
0.93
0.93
0.93
0.78
0.78
0.78
0.97
0.97
0.97
0.88
0.88
0.88
0.75
0.75
0.75
1.00
1.00
1.00
0.91
0.91
0.91
0.76
0.76
0.76
1.03
1.03
1.03
0.93
0.93
0.93
0.78
0.78
0.78
0.00
0.00
0.00
0.97
0.00
0.00
0.86
0.86
0.86
0.00
0.00
0.00
1.00
0.00
0.00
0.88
0.88
0.88
0.00
0.00
0.00
1.03
0.00
0.00
0.90
0.90
0.90
0.00
0.00
0.00
0.97
0.97
0.00
0.86
0.86
0.86
0.00
0.00
0.00
1.00
1.00
0.00
0.88
0.88
0.88
0.00
0.00
0.00
1.03
1.03
0.00
0.90
0.90
0.90
0.00
0.00
0.00
0.97
0.97
0.97
0.86
0.86
0.86
0.00
0.00
0.00
1.00
1.00
1.00
0.88
0.88
0.88
0.00
0.00
0.00
1.03
1.03
1.03
0.90
0.90
0.90
0.00
0.00
0.00
0.00
0.00
0.00
0.97
0.00
0.00
0.00
0.00
0.00
0.00
0.00
0.00
1.00
0.00
0.00
0.00
0.00
0.00
0.00
0.00
0.00
1.03
0.00
0.00
0.00
0.00
0.00
0.00
0.00
0.00
0.97
0.97
0.00
0.00
0.00
0.00
0.00
0.00
0.00
1.00
1.00
0.00
0.00
0.00
0.00
0.00
0.00
0.00
1.03
1.03
0.00
0.00
0.00
0.00
0.00
0.00
0.00
0.97
0.97
0.97
0.00
0.00
0.00
0.00
0.00
0.00
1.00
1.00
1.00
0.00
0.00
0.00
0.00
0.00
0.00
1.03
1.03
1.03
0.94
0.00
0.00
0.86
0.86
0.86
0.73
0.73
0.73
0.97
0.00
0.00
0.88
0.88
0.88
0.74
0.74
0.74
1.00
0.00
0.00
0.90
0.90
0.90
0.76
0.76
0.76
0.94
0.94
0.00
0.86
0.86
0.86
0.73
0.73
0.73
0.97
0.97
0.00
0.88
0.88
0.88
0.74
0.74
0.74
1.00
1.00
0.00
0.90
0.90
0.90
0.76
0.76
0.76
0.94
0.94
0.94
0.86
0.86
0.86
0.73
0.73
0.73
0.97
0.97
0.97
0.88
0.88
0.88
0.74
0.74
0.74
1.00
1.00
1.00
0.90
0.90
0.90
0.76
0.76
0.76
0.00
0.00
0.00
0.94
0.00
0.00
0.84
0.84
0.84
0.00
0.00
0.00
0.97
0.00
0.00
0.86
0.86
0.86
0.00
0.00
0.00
1.00
0.00
0.00
0.88
0.88
0.88
0.00
0.00
0.00
0.94
0.94
0.00
0.84
0.84
0.84
0.00
0.00
0.00
0.97
0.97
0.00
0.86
0.86
0.86
0.00
0.00
0.00
1.00
1.00
0.00
0.88
0.88
0.88
0.00
0.00
0.00
0.94
0.94
0.94
0.84
0.84
0.84
0.00
0.00
0.00
0.97
0.97
0.97
0.86
0.86
0.86
0.00
0.00
0.00
1.00
1.00
1.00
0.88
0.88
0.88
0.00
0.00
0.00
0.00
0.00
0.00
0.94
0.00
0.00
0.00
0.00
0.00
0.00
0.00
0.00
0.97
0.00
0.00
0.00
0.00
0.00
0.00
0.00
0.00
1.00
0.00
0.00
0.00
0.00
0.00
0.00
0.00
0.00
0.94
0.94
0.00
0.00
0.00
0.00
0.00
0.00
0.00
0.97
0.97
0.00
0.00
0.00
0.00
0.00
0.00
0.00
1.00
1.00
0.00
0.00
0.00
0.00
0.00
0.00
0.00
0.94
0.94
0.94
0.00
0.00
0.00
0.00
0.00
0.00
0.97
0.97
0.97
0.00
0.00
0.00
0.00
0.00
0.00
1.00
1.00
1.00
