0.73
0.73
0.73
0.63
0.63
0.63
0.53
0.53
0.53
0.75
0.75
0.75
0.64
0.64
0.64
0.53
0.53
0.53
0.76
0.76
0.76
0.65
0.65
0.65
0.54
0.54
0.54
0.73
0.73
0.73
0.63
0.63
0.63
0.53
0.53
0.53
0.75
0.75
0.75
0.64
0.64
0.64
0.53
0.53
0.53
0.76
0.76
0.76
0.65
0.65
0.65
0.54
0.54
0.54
0.73
0.73
0.73
0.63
0.63
0.63
0.53
0.53
0.53
0.75
0.75
0.75
0.64
0.64
0.64
0.53
0.53
0.53
0.76
0.76
0.76
0.65
0.65
0.65
0.54
0.54
0.54
0.74
0.74
0.74
0.64
0.64
0.64
0.53
0.53
0.53
0.76
0.76
0.76
0.65
0.65
0.65
0.54
0.54
0.54
0.78
0.78
0.78
0.66
0.66
0.66
0.55
0.55
0.55
0.74
0.74
0.74
0.64
0.64
0.64
0.53
0.53
0.53
0.76
0.76
0.76
0.65
0.65
0.65
0.54
0.54
0.54
0.78
0.78
0.78
0.66
0.66
0.66
0.55
0.55
0.55
0.74
0.74
0.74
0.64
0.64
0.64
0.53
0.53
0.53
0.76
0.76
0.76
0.65
0.65
0.65
0.54
0.54
0.54
0.78
0.78
0.78
0.66
0.66
0.66
0.55
0.55
0.55
0.76
0.76
0.76
0.65
0.65
0.65
0.54
0.54
0.54
0.77
0.77
0.77
0.66
0.66
0.66
0.55
0.55
0.55
0.79
0.79
0.79
0.67
0.67
0.67
0.56
0.56
0.56
0.76
0.76
0.76
0.65
0.65
0.65
0.54
0.54
0.54
0.77
0.77
0.77
0.66
0.66
0.66
0.55
0.55
0.55
0.79
0.79
0.79
0.67
0.67
0.67
0.56
0.56
0.56
0.76
0.76
0.76
0.65
0.65
0.65
0.54
0.54
0.54
0.77
0.77
0.77
0.66
0.66
0.66
0.55
0.55
0.55
0.79
0.79
0.79
0.67
0.67
0.67
0.56
0.56
0.56
0.72
0.72
0.72
0.62
0.62
0.62
0.52
0.52
0.52
0.74
0.74
0.74
0.63
0.63
0.63
0.53
0.53
0.53
0.75
0.75
0.75
0.63
0.63
0.63
0.53
0.53
0.53
0.72
0.72
0.72
0.62
0.62
0.62
0.52
0.52
0.52
0.74
0.74
0.74
0.63
0.63
0.63
0.53
0.53
0.53
0.75
0.75
0.75
0.63
0.63
0.63
0.53
0.53
0.53
0.72
0.72
0.72
0.62
0.62
0.62
0.52
0.52
0.52
0.74
0.74
0.74
0.63
0.63
0.63
0.53
0.53
0.53
0.75
0.75
0.75
0.63
0.63
0.63
0.53
0.53
0.53
0.73
0.73
0.73
0.63
0.63
0.63
0.53
0.53
0.53
0.75
0.75
0.75
0.64
0.64
0.64
0.53
0.53
0.53
0.76
0.76
0.76
0.65
0.65
0.65
0.54
0.54
0.54
0.73
0.73
0.73
0.63
0.63
0.63
0.53
0.53
0.53
0.75
0.75
0.75
0.64
0.64
0.64
0.53
0.53
0.53
0.76
0.76
0.76
0.65
0.65
0.65
0.54
0.54
0.54
0.73
0.73
0.73
0.63
0.63
0.63
0.53
0.53
0.53
0.75
0.75
0.75
0.64
0.64
0.64
0.53
0.53
0.53
0.76
0.76
0.76
0.65
0.65
0.65
0.54
0.54
0.54
0.74
0.74
0.74
0.64
0.64
0.64
0.53
0.53
0.53
0.76
0.76
0.76
0.65
0.65
0.65
0.54
0.54
0.54
0.78
0.78
0.78
0.66
0.66
0.66
0.55
0.55
0.55
0.74
0.74
0.74
0.64
0.64
0.64
0.53
0.53
0.53
0.76
0.76
0.76
0.65
0.65
0.65
0.54
0.54
0.54
0.78
0.78
0.78
0.66
0.66
0.66
0.55
0.55
0.55
0.74
0.74
0.74
0.64
0.64
0.64
0.53
0.53
0.53
0.76
0.76
0.76
0.65
0.65
0.65
0.54
0.54
0.54
0.78
0.78
0.78
0.66
0.66
0.66
0.55
0.55
0.55
0.71
0.71
0.71
0.61
0.61
0.61
0.51
0.51
0.51
0.72
0.72
0.72
0.62
0.62
0.62
0.52
0.52
0.52
0.74
0.74
0.74
0.62
0.62
0.62
0.53
0.53
0.53
0.71
0.71
0.71
0.61
0.61
0.61
0.51
0.51
0.51
0.72
0.72
0.72
0.62
0.62
0.62
0.52
0.52
0.52
0.74
0.74
0.74
0.62
0.62
0.62
0.53
0.53
0.53
0.71
0.71
0.71
0.61
0.61
0.61
0.51
0.51
0.51
0.72
0.72
0.72
0.62
0.62
0.62
0.52
0.52
0.52
0.74
0.74
0.74
0.62
0.62
0.62
0.53
0.53
0.53
0.72
0.72
0.72
0.62
0.62
0.62
0.52
0.52
0.52
0.74
0.74
0.74
0.63
0.63
0.63
0.53
0.53
0.53
0.75
0.75
0.75
0.64
0.64
0.64
0.53
0.53
0.53
0.72
0.72
0.72
0.62
0.62
0.62
0.52
0.52
0.52
0.74
0.74
0.74
0.63
0.63
0.63
0.53
0.53
0.53
0.75
0.75
0.75
0.64
0.64
0.64
0.53
0.53
0.53
0.72
0.72
0.72
0.62
0.62
0.62
0.52
0.52
0.52
0.74
0.74
0.74
0.63
0.63
0.63
0.53
0.53
0.53
0.75
0.75
0.75
0.64
0.64
0.64
0.53
0.53
0.53
0.73
0.73
0.73
0.63
0.63
0.63
0.53
0.53
0.53
0.75
0.75
0.75
0.64
0.64
0.64
0.53
0.53
0.53
0.76
0.76
0.76
0.65
0.65
0.65
0.54
0.54
0.54
0.73
0.73
0.73
0.63
0.63
0.63
0.53
0.53
0.53
0.75
0.75
0.75
0.64
0.64
0.64
0.53
0.53
0.53
0.76
0.76
0.76
0.65
0.65
0.65
0.54
0.54
0.54
0.73
0.73
0.73
0.63
0.63
0.63
0.53
0.53
0.53
0.75
0.75
0.75
0.64
0.64
0.64
0.53
0.53
0.53
0.76
0.76
0.76
0.65
0.65
0.65
0.54
0.54
0.54
