0.77
-1.00
-1.00
0.09
0.09
0.09
0.05
0.05
0.05
4.15
-1.00
-1.00
0.49
0.49
0.49
0.26
0.26
0.26
7.54
-1.00
-1.00
0.90
0.90
0.90
0.48
0.48
0.48
0.77
0.77
-1.00
0.09
0.09
0.09
0.05
0.05
0.05
4.15
4.15
-1.00
0.49
0.49
0.49
0.26
0.26
0.26
7.54
7.54
-1.00
0.90
0.90
0.90
0.48
0.48
0.48
0.77
0.77
0.77
0.09
0.09
0.09
0.05
0.05
0.05
4.15
4.15
4.15
0.49
0.49
0.49
0.26
0.26
0.26
7.54
7.54
7.54
0.90
0.90
0.90
0.48
0.48
0.48
-1.00
-1.00
-1.00
0.77
-1.00
-1.00
0.41
-1.00
-1.00
-1.00
-1.00
-1.00
4.15
-1.00
-1.00
2.21
-1.00
-1.00
-1.00
-1.00
-1.00
7.54
-1.00
-1.00
4.01
-1.00
-1.00
-1.00
-1.00
-1.00
0.77
0.77
-1.00
0.41
0.41
0.41
-1.00
-1.00
-1.00
4.15
4.15
-1.00
2.21
2.21
2.21
-1.00
-1.00
-1.00
7.54
7.54
-1.00
4.01
4.01
4.01
6.47
-1.00
-1.00
0.77
0.77
0.77
0.41
0.41
0.41
34.93
-1.00
-1.00
4.15
4.15
4.15
2.21
2.21
2.21
63.39
-1.00
-1.00
7.54
7.54
7.54
4.01
4.01
4.01
-1.00
-1.00
-1.00
-1.00
-1.00
-1.00
0.77
-1.00
-1.00
-1.00
-1.00
-1.00
-1.00
-1.00
-1.00
4.15
-1.00
-1.00
-1.00
-1.00
-1.00
-1.00
-1.00
-1.00
7.54
-1.00
-1.00
-1.00
-1.00
-1.00
1.45
-1.00
-1.00
0.77
0.77
-1.00
-1.00
-1.00
-1.00
7.81
-1.00
-1.00
4.15
4.15
-1.00
-1.00
-1.00
-1.00
14.18
-1.00
-1.00
7.54
7.54
-1.00
-1.00
-1.00
-1.00
1.45
1.45
-1.00
0.77
0.77
0.77
-1.00
-1.00
-1.00
7.81
7.81
-1.00
4.15
4.15
4.15
-1.00
-1.00
-1.00
14.18
14.18
-1.00
7.54
7.54
7.54
0.14
-1.00
-1.00
0.02
0.02
0.02
0.01
0.01
0.01
0.77
-1.00
-1.00
0.09
0.09
0.09
0.05
0.05
0.05
1.40
-1.00
-1.00
0.17
0.17
0.17
0.09
0.09
0.09
0.14
0.14
-1.00
0.02
0.02
0.02
0.01
0.01
0.01
0.77
0.77
-1.00
0.09
0.09
0.09
0.05
0.05
0.05
1.40
1.40
-1.00
0.17
0.17
0.17
0.09
0.09
0.09
0.14
0.14
0.14
0.02
0.02
0.02
0.01
0.01
0.01
0.77
0.77
0.77
0.09
0.09
0.09
0.05
0.05
0.05
1.40
1.40
1.40
0.17
0.17
0.17
0.09
0.09
0.09
-1.00
-1.00
-1.00
0.14
-1.00
-1.00
0.08
-1.00
-1.00
-1.00
-1.00
-1.00
0.77
-1.00
-1.00
0.41
-1.00
-1.00
-1.00
-1.00
-1.00
1.40
-1.00
-1.00
0.74
-1.00
-1.00
-1.00
-1.00
-1.00
0.14
0.14
-1.00
0.08
0.08
0.08
-1.00
-1.00
-1.00
0.77
0.77
-1.00
0.41
0.41
0.41
-1.00
-1.00
-1.00
1.40
1.40
-1.00
0.74
0.74
0.74
1.20
-1.00
-1.00
0.14
0.14
0.14
0.08
0.08
0.08
6.47
-1.00
-1.00
0.77
0.77
0.77
0.41
0.41
0.41
11.75
-1.00
-1.00
1.40
1.40
1.40
0.74
0.74
0.74
-1.00
-1.00
-1.00
-1.00
-1.00
-1.00
0.14
-1.00
-1.00
-1.00
-1.00
-1.00
-1.00
-1.00
-1.00
0.77
-1.00
-1.00
-1.00
-1.00
-1.00
-1.00
-1.00
-1.00
1.40
-1.00
-1.00
-1.00
-1.00
-1.00
0.27
-1.00
-1.00
0.14
0.14
-1.00
-1.00
-1.00
-1.00
1.45
-1.00
-1.00
0.77
0.77
-1.00
-1.00
-1.00
-1.00
2.63
-1.00
-1.00
1.40
1.40
-1.00
-1.00
-1.00
-1.00
0.27
0.27
-1.00
0.14
0.14
0.14
-1.00
-1.00
-1.00
1.45
1.45
-1.00
0.77
0.77
0.77
-1.00
-1.00
-1.00
2.63
2.63
-1.00
1.40
1.40
1.40
0.08
-1.00
-1.00
0.01
0.01
0.01
0.00
0.00
0.00
0.42
-1.00
-1.00
0.05
0.05
0.05
0.03
0.03
0.03
0.77
-1.00
-1.00
0.09
0.09
0.09
0.05
0.05
0.05
0.08
0.08
-1.00
0.01
0.01
0.01
0.00
0.00
0.00
0.42
0.42
-1.00
0.05
0.05
0.05
0.03
0.03
0.03
0.77
0.77
-1.00
0.09
0.09
0.09
0.05
0.05
0.05
0.08
0.08
0.08
0.01
0.01
0.01
0.00
0.00
0.00
0.42
0.42
0.42
0.05
0.05
0.05
0.03
0.03
0.03
0.77
0.77
0.77
0.09
0.09
0.09
0.05
0.05
0.05
-1.00
-1.00
-1.00
0.08
-1.00
-1.00
0.04
-1.00
-1.00
-1.00
-1.00
-1.00
0.42
-1.00
-1.00
0.23
-1.00
-1.00
-1.00
-1.00
-1.00
0.77
-1.00
-1.00
0.41
-1.00
-1.00
-1.00
-1.00
-1.00
0.08
0.08
-1.00
0.04
0.04
0.04
-1.00
-1.00
-1.00
0.42
0.42
-1.00
0.23
0.23
0.23
-1.00
-1.00
-1.00
0.77
0.77
-1.00
0.41
0.41
0.41
0.66
-1.00
-1.00
0.08
0.08
0.08
0.04
0.04
0.04
3.57
-1.00
-1.00
0.42
0.42
0.42
0.23
0.23
0.23
6.47
-1.00
-1.00
0.77
0.77
0.77
0.41
0.41
0.41
-1.00
-1.00
-1.00
-1.00
-1.00
-1.00
0.08
-1.00
-1.00
-1.00
-1.00
-1.00
-1.00
-1.00
-1.00
0.42
-1.00
-1.00
-1.00
-1.00
-1.00
-1.00
-1.00
-1.00
0.77
-1.00
-1.00
-1.00
-1.00
-1.00
0.15
-1.00
-1.00
0.08
0.08
-1.00
-1.00
-1.00
-1.00
0.80
-1.00
-1.00
0.42
0.42
-1.00
-1.00
-1.00
-1.00
1.45
-1.00
-1.00
0.77
0.77
-1.00
-1.00
-1.00
-1.00
0.15
0.15
-1.00
0.08
0.08
0.08
-1.00
-1.00
-1.00
0.80
0.80
-1.00
0.42
0.42
0.42
-1.00
-1.00
-1.00
1.45
1.45
-1.00
0.77
0.77
0.77
