0.85
-1.00
-1.00
0.10
0.10
0.10
0.05
0.05
0.05
4.56
-1.00
-1.00
0.54
0.54
0.54
0.29
0.29
0.29
8.28
-1.00
-1.00
0.98
0.98
0.98
0.52
0.52
0.52
0.85
0.85
-1.00
0.10
0.10
0.10
0.05
0.05
0.05
4.56
4.56
-1.00
0.54
0.54
0.54
0.29
0.29
0.29
8.28
8.28
-1.00
0.98
0.98
0.98
0.52
0.52
0.52
0.85
0.85
0.85
0.10
0.10
0.10
0.05
0.05
0.05
4.56
4.56
4.56
0.54
0.54
0.54
0.29
0.29
0.29
8.28
8.28
8.28
0.98
0.98
0.98
0.52
0.52
0.52
-1.00
-1.00
-1.00
0.85
-1.00
-1.00
0.45
-1.00
-1.00
-1.00
-1.00
-1.00
4.56
-1.00
-1.00
2.42
-1.00
-1.00
-1.00
-1.00
-1.00
8.28
-1.00
-1.00
4.40
-1.00
-1.00
-1.00
-1.00
-1.00
0.85
0.85
-1.00
0.45
0.45
0.45
-1.00
-1.00
-1.00
4.56
4.56
-1.00
2.42
2.42
2.42
-1.00
-1.00
-1.00
8.28
8.28
-1.00
4.40
4.40
4.40
7.11
-1.00
-1.00
0.85
0.85
0.85
0.45
0.45
0.45
38.36
-1.00
-1.00
4.56
4.56
4.56
2.42
2.42
2.42
69.61
-1.00
-1.00
8.28
8.28
8.28
4.40
4.40
4.40
-1.00
-1.00
-1.00
-1.00
-1.00
-1.00
0.85
-1.00
-1.00
-1.00
-1.00
-1.00
-1.00
-1.00
-1.00
4.56
-1.00
-1.00
-1.00
-1.00
-1.00
-1.00
-1.00
-1.00
8.28
-1.00
-1.00
-1.00
-1.00
-1.00
1.59
-1.00
-1.00
0.85
0.85
-1.00
-1.00
-1.00
-1.00
8.58
-1.00
-1.00
4.56
4.56
-1.00
-1.00
-1.00
-1.00
15.57
-1.00
-1.00
8.28
8.28
-1.00
-1.00
-1.00
-1.00
1.59
1.59
-1.00
0.85
0.85
0.85
-1.00
-1.00
-1.00
8.58
8.58
-1.00
4.56
4.56
4.56
-1.00
-1.00
-1.00
15.57
15.57
-1.00
8.28
8.28
8.28
0.16
-1.00
-1.00
0.02
0.02
0.02
0.01
0.01
0.01
0.85
-1.00
-1.00
0.10
0.10
0.10
0.05
0.05
0.05
1.53
-1.00
-1.00
0.18
0.18
0.18
0.10
0.10
0.10
0.16
0.16
-1.00
0.02
0.02
0.02
0.01
0.01
0.01
0.85
0.85
-1.00
0.10
0.10
0.10
0.05
0.05
0.05
1.53
1.53
-1.00
0.18
0.18
0.18
0.10
0.10
0.10
0.16
0.16
0.16
0.02
0.02
0.02
0.01
0.01
0.01
0.85
0.85
0.85
0.10
0.10
0.10
0.05
0.05
0.05
1.53
1.53
1.53
0.18
0.18
0.18
0.10
0.10
0.10
-1.00
-1.00
-1.00
0.16
-1.00
-1.00
0.08
-1.00
-1.00
-1.00
-1.00
-1.00
0.85
-1.00
-1.00
0.45
-1.00
-1.00
-1.00
-1.00
-1.00
1.53
-1.00
-1.00
0.82
-1.00
-1.00
-1.00
-1.00
-1.00
0.16
0.16
-1.00
0.08
0.08
0.08
-1.00
-1.00
-1.00
0.85
0.85
-1.00
0.45
0.45
0.45
-1.00
-1.00
-1.00
1.53
1.53
-1.00
0.82
0.82
0.82
1.32
-1.00
-1.00
0.16
0.16
0.16
0.08
0.08
0.08
7.11
-1.00
-1.00
0.85
0.85
0.85
0.45
0.45
0.45
12.90
-1.00
-1.00
1.53
1.53
1.53
0.82
0.82
0.82
-1.00
-1.00
-1.00
-1.00
-1.00
-1.00
0.16
-1.00
-1.00
-1.00
-1.00
-1.00
-1.00
-1.00
-1.00
0.85
-1.00
-1.00
-1.00
-1.00
-1.00
-1.00
-1.00
-1.00
1.53
-1.00
-1.00
-1.00
-1.00
-1.00
0.29
-1.00
-1.00
0.16
0.16
-1.00
-1.00
-1.00
-1.00
1.59
-1.00
-1.00
0.85
0.85
-1.00
-1.00
-1.00
-1.00
2.89
-1.00
-1.00
1.53
1.53
-1.00
-1.00
-1.00
-1.00
0.29
0.29
-1.00
0.16
0.16
0.16
-1.00
-1.00
-1.00
1.59
1.59
-1.00
0.85
0.85
0.85
-1.00
-1.00
-1.00
2.89
2.89
-1.00
1.53
1.53
1.53
0.09
-1.00
-1.00
0.01
0.01
0.01
0.01
0.01
0.01
0.47
-1.00
-1.00
0.06
0.06
0.06
0.03
0.03
0.03
0.85
-1.00
-1.00
0.10
0.10
0.10
0.05
0.05
0.05
0.09
0.09
-1.00
0.01
0.01
0.01
0.01
0.01
0.01
0.47
0.47
-1.00
0.06
0.06
0.06
0.03
0.03
0.03
0.85
0.85
-1.00
0.10
0.10
0.10
0.05
0.05
0.05
0.09
0.09
0.09
0.01
0.01
0.01
0.01
0.01
0.01
0.47
0.47
0.47
0.06
0.06
0.06
0.03
0.03
0.03
0.85
0.85
0.85
0.10
0.10
0.10
0.05
0.05
0.05
-1.00
-1.00
-1.00
0.09
-1.00
-1.00
0.05
-1.00
-1.00
-1.00
-1.00
-1.00
0.47
-1.00
-1.00
0.25
-1.00
-1.00
-1.00
-1.00
-1.00
0.85
-1.00
-1.00
0.45
-1.00
-1.00
-1.00
-1.00
-1.00
0.09
0.09
-1.00
0.05
0.05
0.05
-1.00
-1.00
-1.00
0.47
0.47
-1.00
0.25
0.25
0.25
-1.00
-1.00
-1.00
0.85
0.85
-1.00
0.45
0.45
0.45
0.73
-1.00
-1.00
0.09
0.09
0.09
0.05
0.05
0.05
3.92
-1.00
-1.00
0.47
0.47
0.47
0.25
0.25
0.25
7.11
-1.00
-1.00
0.85
0.85
0.85
0.45
0.45
0.45
-1.00
-1.00
-1.00
-1.00
-1.00
-1.00
0.09
-1.00
-1.00
-1.00
-1.00
-1.00
-1.00
-1.00
-1.00
0.47
-1.00
-1.00
-1.00
-1.00
-1.00
-1.00
-1.00
-1.00
0.85
-1.00
-1.00
-1.00
-1.00
-1.00
0.16
-1.00
-1.00
0.09
0.09
-1.00
-1.00
-1.00
-1.00
0.88
-1.00
-1.00
0.47
0.47
-1.00
-1.00
-1.00
-1.00
1.59
-1.00
-1.00
0.85
0.85
-1.00
-1.00
-1.00
-1.00
0.16
0.16
-1.00
0.09
0.09
0.09
-1.00
-1.00
-1.00
0.88
0.88
-1.00
0.47
0.47
0.47
-1.00
-1.00
-1.00
1.59
1.59
-1.00
0.85
0.85
0.85
