1.00
-1.00
-1.00
0.09
0.09
0.09
0.05
0.05
0.05
5.40
-1.00
-1.00
0.49
0.49
0.50
0.26
0.26
0.26
9.79
-1.00
-1.00
0.88
0.88
0.90
0.46
0.46
0.46
0.98
1.00
-1.00
0.09
0.09
0.09
0.05
0.05
0.05
5.27
5.40
-1.00
0.49
0.49
0.49
0.26
0.26
0.26
9.56
9.79
-1.00
0.88
0.88
0.88
0.46
0.46
0.46
0.98
0.98
1.00
0.09
0.09
0.09
0.05
0.05
0.05
5.27
5.27
5.40
0.49
0.49
0.49
0.26
0.26
0.26
9.56
9.56
9.79
0.88
0.88
0.88
0.46
0.46
0.46
-1.00
-1.00
-1.00
1.00
-1.00
-1.00
0.51
-1.00
-1.00
-1.00
-1.00
-1.00
5.40
-1.00
-1.00
2.76
-1.00
-1.00
-1.00
-1.00
-1.00
9.79
-1.00
-1.00
5.01
-1.00
-1.00
-1.00
-1.00
-1.00
0.98
1.00
-1.00
0.51
0.51
0.52
-1.00
-1.00
-1.00
5.27
5.40
-1.00
2.76
2.76
2.82
-1.00
-1.00
-1.00
9.56
9.79
-1.00
5.01
5.01
5.12
-1.00
-1.00
-1.00
0.98
0.98
1.00
0.51
0.51
0.51
-1.00
-1.00
-1.00
5.27
5.27
5.40
2.76
2.76
2.76
-1.00
-1.00
-1.00
9.56
9.56
9.79
5.01
5.01
5.01
-1.00
-1.00
-1.00
-1.00
-1.00
-1.00
1.00
-1.00
-1.00
-1.00
-1.00
-1.00
-1.00
-1.00
-1.00
5.40
-1.00
-1.00
-1.00
-1.00
-1.00
-1.00
-1.00
-1.00
9.79
-1.00
-1.00
-1.00
-1.00
-1.00
1.86
-1.00
-1.00
0.98
1.00
-1.00
-1.00
-1.00
-1.00
10.06
-1.00
-1.00
5.27
5.40
-1.00
-1.00
-1.00
-1.00
18.25
-1.00
-1.00
9.56
9.79
-1.00
-1.00
-1.00
-1.00
1.86
-1.00
-1.00
0.98
0.98
1.00
-1.00
-1.00
-1.00
10.06
-1.00
-1.00
5.27
5.27
5.40
-1.00
-1.00
-1.00
18.25
-1.00
-1.00
9.56
9.56
9.79
0.19
-1.00
-1.00
0.02
0.02
0.02
0.01
0.01
0.01
1.00
-1.00
-1.00
0.09
0.09
0.09
0.05
0.05
0.05
1.81
-1.00
-1.00
0.16
0.16
0.17
0.09
0.09
0.09
0.18
0.19
-1.00
0.02
0.02
0.02
0.01
0.01
0.01
0.98
1.00
-1.00
0.09
0.09
0.09
0.05
0.05
0.05
1.77
1.81
-1.00
0.16
0.16
0.16
0.09
0.09
0.09
0.18
0.18
0.19
0.02
0.02
0.02
0.01
0.01
0.01
0.98
0.98
1.00
0.09
0.09
0.09
0.05
0.05
0.05
1.77
1.77
1.81
0.16
0.16
0.16
0.09
0.09
0.09
-1.00
-1.00
-1.00
0.19
-1.00
-1.00
0.09
-1.00
-1.00
-1.00
-1.00
-1.00
1.00
-1.00
-1.00
0.51
-1.00
-1.00
-1.00
-1.00
-1.00
1.81
-1.00
-1.00
0.93
-1.00
-1.00
-1.00
-1.00
-1.00
0.18
0.19
-1.00
0.09
0.10
0.10
-1.00
-1.00
-1.00
0.98
1.00
-1.00
0.51
0.51
0.52
-1.00
-1.00
-1.00
1.77
1.81
-1.00
0.93
0.93
0.95
-1.00
-1.00
-1.00
0.18
0.18
0.19
0.09
0.10
0.10
-1.00
-1.00
-1.00
0.98
0.98
1.00
0.51
0.51
0.51
-1.00
-1.00
-1.00
1.77
1.77
1.81
0.93
0.93
0.93
-1.00
-1.00
-1.00
-1.00
-1.00
-1.00
0.19
-1.00
-1.00
-1.00
-1.00
-1.00
-1.00
-1.00
-1.00
1.00
-1.00
-1.00
-1.00
-1.00
-1.00
-1.00
-1.00
-1.00
1.81
-1.00
-1.00
-1.00
-1.00
-1.00
0.35
-1.00
-1.00
0.18
0.19
-1.00
-1.00
-1.00
-1.00
1.86
-1.00
-1.00
0.98
1.00
-1.00
-1.00
-1.00
-1.00
3.38
-1.00
-1.00
1.77
1.81
-1.00
-1.00
-1.00
-1.00
0.35
-1.00
-1.00
0.18
0.19
0.19
-1.00
-1.00
-1.00
1.86
-1.00
-1.00
0.98
0.98
1.00
-1.00
-1.00
-1.00
3.38
-1.00
-1.00
1.77
1.77
1.81
0.10
-1.00
-1.00
0.01
0.01
0.01
0.00
0.00
0.00
0.55
-1.00
-1.00
0.05
0.05
0.05
0.03
0.03
0.03
1.00
-1.00
-1.00
0.09
0.09
0.09
0.05
0.05
0.05
0.10
0.10
-1.00
0.01
0.01
0.01
0.00
0.00
0.00
0.54
0.55
-1.00
0.05
0.05
0.05
0.03
0.03
0.03
0.98
1.00
-1.00
0.09
0.09
0.09
0.05
0.05
0.05
0.10
0.10
0.10
0.01
0.01
0.01
0.00
0.00
0.00
0.54
0.54
0.55
0.05
0.05
0.05
0.03
0.03
0.03
0.98
0.98
1.00
0.09
0.09
0.09
0.05
0.05
0.05
-1.00
-1.00
-1.00
0.10
-1.00
-1.00
0.05
-1.00
-1.00
-1.00
-1.00
-1.00
0.55
-1.00
-1.00
0.28
-1.00
-1.00
-1.00
-1.00
-1.00
1.00
-1.00
-1.00
0.51
-1.00
-1.00
-1.00
-1.00
-1.00
0.10
0.10
-1.00
0.05
0.05
0.05
-1.00
-1.00
-1.00
0.54
0.55
-1.00
0.28
0.28
0.29
-1.00
-1.00
-1.00
0.98
1.00
-1.00
0.51
0.51
0.52
-1.00
-1.00
-1.00
0.10
0.10
0.10
0.05
0.05
0.05
-1.00
-1.00
-1.00
0.54
0.54
0.55
0.28
0.28
0.29
-1.00
-1.00
-1.00
0.98
0.98
1.00
0.51
0.51
0.51
-1.00
-1.00
-1.00
-1.00
-1.00
-1.00
0.10
-1.00
-1.00
-1.00
-1.00
-1.00
-1.00
-1.00
-1.00
0.55
-1.00
-1.00
-1.00
-1.00
-1.00
-1.00
-1.00
-1.00
1.00
-1.00
-1.00
-1.00
-1.00
-1.00
0.19
-1.00
-1.00
0.10
0.10
-1.00
-1.00
-1.00
-1.00
1.03
-1.00
-1.00
0.54
0.55
-1.00
-1.00
-1.00
-1.00
1.86
-1.00
-1.00
0.98
1.00
-1.00
-1.00
-1.00
-1.00
0.19
-1.00
-1.00
0.10
0.10
0.10
-1.00
-1.00
-1.00
1.03
-1.00
-1.00
0.54
0.55
0.55
-1.00
-1.00
-1.00
1.86
-1.00
-1.00
0.98
0.98
1.00
