0.63
-1.00
-1.00
0.06
0.06
0.06
0.03
0.03
0.03
3.39
-1.00
-1.00
0.31
0.31
0.31
0.16
0.16
0.16
6.14
-1.00
-1.00
0.57
0.57
0.57
0.30
0.30
0.30
0.63
0.63
-1.00
0.06
0.06
0.06
0.03
0.03
0.03
3.39
3.39
-1.00
0.31
0.31
0.31
0.16
0.16
0.16
6.14
6.14
-1.00
0.57
0.57
0.57
0.30
0.30
0.30
0.63
0.63
0.63
0.06
0.06
0.06
0.03
0.03
0.03
3.39
3.39
3.39
0.31
0.31
0.31
0.16
0.16
0.16
6.14
6.14
6.14
0.57
0.57
0.57
0.30
0.30
0.30
-1.00
-1.00
-1.00
0.63
-1.00
-1.00
0.33
-1.00
-1.00
-1.00
-1.00
-1.00
3.39
-1.00
-1.00
1.77
-1.00
-1.00
-1.00
-1.00
-1.00
6.14
-1.00
-1.00
3.22
-1.00
-1.00
-1.00
-1.00
-1.00
0.63
0.63
-1.00
0.33
0.33
0.33
-1.00
-1.00
-1.00
3.39
3.39
-1.00
1.77
1.77
1.77
-1.00
-1.00
-1.00
6.14
6.14
-1.00
3.22
3.22
3.22
6.85
-1.00
-1.00
0.63
0.63
0.63
0.33
0.33
0.33
36.96
-1.00
-1.00
3.39
3.39
3.39
1.77
1.77
1.77
67.07
-1.00
-1.00
6.14
6.14
6.14
3.22
3.22
3.22
-1.00
-1.00
-1.00
-1.00
-1.00
-1.00
0.63
-1.00
-1.00
-1.00
-1.00
-1.00
-1.00
-1.00
-1.00
3.39
-1.00
-1.00
-1.00
-1.00
-1.00
-1.00
-1.00
-1.00
6.14
-1.00
-1.00
-1.00
-1.00
-1.00
1.20
-1.00
-1.00
0.63
0.63
-1.00
-1.00
-1.00
-1.00
6.46
-1.00
-1.00
3.39
3.39
-1.00
-1.00
-1.00
-1.00
11.72
-1.00
-1.00
6.14
6.14
-1.00
-1.00
-1.00
-1.00
1.20
1.20
-1.00
0.63
0.63
0.63
-1.00
-1.00
-1.00
6.46
6.46
-1.00
3.39
3.39
3.39
-1.00
-1.00
-1.00
11.72
11.72
-1.00
6.14
6.14
6.14
0.12
-1.00
-1.00
0.01
0.01
0.01
0.01
0.01
0.01
0.63
-1.00
-1.00
0.06
0.06
0.06
0.03
0.03
0.03
1.14
-1.00
-1.00
0.10
0.10
0.10
0.05
0.05
0.05
0.12
0.12
-1.00
0.01
0.01
0.01
0.01
0.01
0.01
0.63
0.63
-1.00
0.06
0.06
0.06
0.03
0.03
0.03
1.14
1.14
-1.00
0.10
0.10
0.10
0.05
0.05
0.05
0.12
0.12
0.12
0.01
0.01
0.01
0.01
0.01
0.01
0.63
0.63
0.63
0.06
0.06
0.06
0.03
0.03
0.03
1.14
1.14
1.14
0.10
0.10
0.10
0.05
0.05
0.05
-1.00
-1.00
-1.00
0.12
-1.00
-1.00
0.06
-1.00
-1.00
-1.00
-1.00
-1.00
0.63
-1.00
-1.00
0.33
-1.00
-1.00
-1.00
-1.00
-1.00
1.14
-1.00
-1.00
0.60
-1.00
-1.00
-1.00
-1.00
-1.00
0.12
0.12
-1.00
0.06
0.06
0.06
-1.00
-1.00
-1.00
0.63
0.63
-1.00
0.33
0.33
0.33
-1.00
-1.00
-1.00
1.14
1.14
-1.00
0.60
0.60
0.60
1.27
-1.00
-1.00
0.12
0.12
0.12
0.06
0.06
0.06
6.85
-1.00
-1.00
0.63
0.63
0.63
0.33
0.33
0.33
12.43
-1.00
-1.00
1.14
1.14
1.14
0.60
0.60
0.60
-1.00
-1.00
-1.00
-1.00
-1.00
-1.00
0.12
-1.00
-1.00
-1.00
-1.00
-1.00
-1.00
-1.00
-1.00
0.63
-1.00
-1.00
-1.00
-1.00
-1.00
-1.00
-1.00
-1.00
1.14
-1.00
-1.00
-1.00
-1.00
-1.00
0.22
-1.00
-1.00
0.12
0.12
-1.00
-1.00
-1.00
-1.00
1.20
-1.00
-1.00
0.63
0.63
-1.00
-1.00
-1.00
-1.00
2.17
-1.00
-1.00
1.14
1.14
-1.00
-1.00
-1.00
-1.00
0.22
0.22
-1.00
0.12
0.12
0.12
-1.00
-1.00
-1.00
1.20
1.20
-1.00
0.63
0.63
0.63
-1.00
-1.00
-1.00
2.17
2.17
-1.00
1.14
1.14
1.14
0.06
-1.00
-1.00
0.01
0.01
0.01
0.00
0.00
0.00
0.35
-1.00
-1.00
0.03
0.03
0.03
0.02
0.02
0.02
0.63
-1.00
-1.00
0.06
0.06
0.06
0.03
0.03
0.03
0.06
0.06
-1.00
0.01
0.01
0.01
0.00
0.00
0.00
0.35
0.35
-1.00
0.03
0.03
0.03
0.02
0.02
0.02
0.63
0.63
-1.00
0.06
0.06
0.06
0.03
0.03
0.03
0.06
0.06
0.06
0.01
0.01
0.01
0.00
0.00
0.00
0.35
0.35
0.35
0.03
0.03
0.03
0.02
0.02
0.02
0.63
0.63
0.63
0.06
0.06
0.06
0.03
0.03
0.03
-1.00
-1.00
-1.00
0.06
-1.00
-1.00
0.03
-1.00
-1.00
-1.00
-1.00
-1.00
0.35
-1.00
-1.00
0.18
-1.00
-1.00
-1.00
-1.00
-1.00
0.63
-1.00
-1.00
0.33
-1.00
-1.00
-1.00
-1.00
-1.00
0.06
0.06
-1.00
0.03
0.03
0.03
-1.00
-1.00
-1.00
0.35
0.35
-1.00
0.18
0.18
0.18
-1.00
-1.00
-1.00
0.63
0.63
-1.00
0.33
0.33
0.33
0.70
-1.00
-1.00
0.06
0.06
0.06
0.03
0.03
0.03
3.77
-1.00
-1.00
0.35
0.35
0.35
0.18
0.18
0.18
6.85
-1.00
-1.00
0.63
0.63
0.63
0.33
0.33
0.33
-1.00
-1.00
-1.00
-1.00
-1.00
-1.00
0.06
-1.00
-1.00
-1.00
-1.00
-1.00
-1.00
-1.00
-1.00
0.35
-1.00
-1.00
-1.00
-1.00
-1.00
-1.00
-1.00
-1.00
0.63
-1.00
-1.00
-1.00
-1.00
-1.00
0.12
-1.00
-1.00
0.06
0.06
-1.00
-1.00
-1.00
-1.00
0.66
-1.00
-1.00
0.35
0.35
-1.00
-1.00
-1.00
-1.00
1.20
-1.00
-1.00
0.63
0.63
-1.00
-1.00
-1.00
-1.00
0.12
0.12
-1.00
0.06
0.06
0.06
-1.00
-1.00
-1.00
0.66
0.66
-1.00
0.35
0.35
0.35
-1.00
-1.00
-1.00
1.20
1.20
-1.00
0.63
0.63
0.63
