1.00
-1.00
-1.00
0.07
0.07
-1.00
0.04
0.04
0.04
5.40
-1.00
-1.00
0.37
0.37
-1.00
0.20
0.20
0.20
9.79
-1.00
-1.00
0.67
0.67
-1.00
0.36
0.36
0.36
0.58
1.00
-1.00
0.07
0.07
0.07
0.04
0.04
0.04
3.12
5.40
-1.00
0.37
0.37
0.37
0.20
0.20
0.20
5.67
9.79
-1.00
0.67
0.67
0.67
0.36
0.36
0.36
0.58
0.58
1.00
0.07
0.07
0.07
0.04
0.04
0.04
3.12
3.12
5.40
0.37
0.37
0.37
0.20
0.20
0.20
5.67
5.67
9.79
0.67
0.67
0.67
0.36
0.36
0.36
-1.00
-1.00
-1.00
1.00
-1.00
-1.00
0.31
-1.00
-1.00
-1.00
-1.00
-1.00
5.40
-1.00
-1.00
1.66
-1.00
-1.00
-1.00
-1.00
-1.00
9.79
-1.00
-1.00
3.01
-1.00
-1.00
-1.00
-1.00
-1.00
0.58
1.00
-1.00
0.31
0.31
0.35
-1.00
-1.00
-1.00
3.12
5.40
-1.00
1.66
1.66
1.86
-1.00
-1.00
-1.00
5.67
9.79
-1.00
3.01
3.01
3.38
-1.00
-1.00
-1.00
0.58
0.58
1.00
0.31
0.31
0.31
-1.00
-1.00
-1.00
3.12
3.12
5.40
1.66
1.66
1.66
-1.00
-1.00
-1.00
5.67
5.67
9.79
3.01
3.01
3.01
-1.00
-1.00
-1.00
-1.00
-1.00
-1.00
1.00
-1.00
-1.00
-1.00
-1.00
-1.00
-1.00
-1.00
-1.00
5.40
-1.00
-1.00
-1.00
-1.00
-1.00
-1.00
-1.00
-1.00
9.79
-1.00
-1.00
-1.00
-1.00
-1.00
1.09
-1.00
-1.00
0.58
1.00
-1.00
-1.00
-1.00
-1.00
5.87
-1.00
-1.00
3.12
5.40
-1.00
-1.00
-1.00
-1.00
10.66
-1.00
-1.00
5.67
9.79
-1.00
-1.00
-1.00
-1.00
1.09
-1.00
-1.00
0.58
0.58
1.00
-1.00
-1.00
-1.00
5.87
-1.00
-1.00
3.12
3.12
5.40
-1.00
-1.00
-1.00
10.66
-1.00
-1.00
5.67
5.67
9.79
0.19
-1.00
-1.00
0.01
0.01
-1.00
0.01
0.01
0.01
1.00
-1.00
-1.00
0.07
0.07
-1.00
0.04
0.04
0.04
1.81
-1.00
-1.00
0.12
0.12
-1.00
0.07
0.07
0.07
0.11
0.19
-1.00
0.01
0.01
0.01
0.01
0.01
0.01
0.58
1.00
-1.00
0.07
0.07
0.07
0.04
0.04
0.04
1.05
1.81
-1.00
0.12
0.12
0.12
0.07
0.07
0.07
0.11
0.11
0.19
0.01
0.01
0.01
0.01
0.01
0.01
0.58
0.58
1.00
0.07
0.07
0.07
0.04
0.04
0.04
1.05
1.05
1.81
0.12
0.12
0.12
0.07
0.07
0.07
-1.00
-1.00
-1.00
0.19
-1.00
-1.00
0.06
-1.00
-1.00
-1.00
-1.00
-1.00
1.00
-1.00
-1.00
0.31
-1.00
-1.00
-1.00
-1.00
-1.00
1.81
-1.00
-1.00
0.56
-1.00
-1.00
-1.00
-1.00
-1.00
0.11
0.19
-1.00
0.06
0.06
0.06
-1.00
-1.00
-1.00
0.58
1.00
-1.00
0.31
0.31
0.35
-1.00
-1.00
-1.00
1.05
1.81
-1.00
0.56
0.56
0.63
-1.00
-1.00
-1.00
0.11
0.11
0.19
0.06
0.06
0.06
-1.00
-1.00
-1.00
0.58
0.58
1.00
0.31
0.31
0.31
-1.00
-1.00
-1.00
1.05
1.05
1.81
0.56
0.56
0.56
-1.00
-1.00
-1.00
-1.00
-1.00
-1.00
0.19
-1.00
-1.00
-1.00
-1.00
-1.00
-1.00
-1.00
-1.00
1.00
-1.00
-1.00
-1.00
-1.00
-1.00
-1.00
-1.00
-1.00
1.81
-1.00
-1.00
-1.00
-1.00
-1.00
0.20
-1.00
-1.00
0.11
0.19
-1.00
-1.00
-1.00
-1.00
1.09
-1.00
-1.00
0.58
1.00
-1.00
-1.00
-1.00
-1.00
1.98
-1.00
-1.00
1.05
1.81
-1.00
-1.00
-1.00
-1.00
0.20
-1.00
-1.00
0.11
0.11
0.19
-1.00
-1.00
-1.00
1.09
-1.00
-1.00
0.58
0.58
1.00
-1.00
-1.00
-1.00
1.98
-1.00
-1.00
1.05
1.05
1.81
0.10
-1.00
-1.00
0.01
0.01
-1.00
0.00
0.00
0.00
0.55
-1.00
-1.00
0.04
0.04
-1.00
0.02
0.02
0.02
1.00
-1.00
-1.00
0.07
0.07
-1.00
0.04
0.04
0.04
0.06
0.10
-1.00
0.01
0.01
0.01
0.00
0.00
0.00
0.32
0.55
-1.00
0.04
0.04
0.04
0.02
0.02
0.02
0.58
1.00
-1.00
0.07
0.07
0.07
0.04
0.04
0.04
0.06
0.06
0.10
0.01
0.01
0.01
0.00
0.00
0.00
0.32
0.32
0.55
0.04
0.04
0.04
0.02
0.02
0.02
0.58
0.58
1.00
0.07
0.07
0.07
0.04
0.04
0.04
-1.00
-1.00
-1.00
0.10
-1.00
-1.00
0.03
-1.00
-1.00
-1.00
-1.00
-1.00
0.55
-1.00
-1.00
0.17
-1.00
-1.00
-1.00
-1.00
-1.00
1.00
-1.00
-1.00
0.31
-1.00
-1.00
-1.00
-1.00
-1.00
0.06
0.10
-1.00
0.03
0.03
0.04
-1.00
-1.00
-1.00
0.32
0.55
-1.00
0.17
0.17
0.19
-1.00
-1.00
-1.00
0.58
1.00
-1.00
0.31
0.31
0.35
-1.00
-1.00
-1.00
0.06
0.06
0.10
0.03
0.03
0.03
-1.00
-1.00
-1.00
0.32
0.32
0.55
0.17
0.17
0.17
-1.00
-1.00
-1.00
0.58
0.58
1.00
0.31
0.31
0.31
-1.00
-1.00
-1.00
-1.00
-1.00
-1.00
0.10
-1.00
-1.00
-1.00
-1.00
-1.00
-1.00
-1.00
-1.00
0.55
-1.00
-1.00
-1.00
-1.00
-1.00
-1.00
-1.00
-1.00
1.00
-1.00
-1.00
-1.00
-1.00
-1.00
0.11
-1.00
-1.00
0.06
0.10
-1.00
-1.00
-1.00
-1.00
0.60
-1.00
-1.00
0.32
0.55
-1.00
-1.00
-1.00
-1.00
1.09
-1.00
-1.00
0.58
1.00
-1.00
-1.00
-1.00
-1.00
0.11
-1.00
-1.00
0.06
0.06
0.10
-1.00
-1.00
-1.00
0.60
-1.00
-1.00
0.32
0.32
0.55
-1.00
-1.00
-1.00
1.09
-1.00
-1.00
0.58
0.58
1.00
