0.60
-1.00
-1.00
0.07
0.07
0.07
0.04
0.04
0.04
3.23
-1.00
-1.00
0.38
0.38
0.38
0.20
0.20
0.20
5.87
-1.00
-1.00
0.70
0.70
0.70
0.37
0.37
0.37
0.60
0.60
-1.00
0.07
0.07
0.07
0.04
0.04
0.04
3.23
3.23
-1.00
0.38
0.38
0.38
0.20
0.20
0.20
5.87
5.87
-1.00
0.70
0.70
0.70
0.37
0.37
0.37
0.60
0.60
0.60
0.07
0.07
0.07
0.04
0.04
0.04
3.23
3.23
3.23
0.38
0.38
0.38
0.20
0.20
0.20
5.87
5.87
5.87
0.70
0.70
0.70
0.37
0.37
0.37
-1.00
-1.00
-1.00
0.60
-1.00
-1.00
0.32
-1.00
-1.00
-1.00
-1.00
-1.00
3.23
-1.00
-1.00
1.72
-1.00
-1.00
-1.00
-1.00
-1.00
5.87
-1.00
-1.00
3.12
-1.00
-1.00
-1.00
-1.00
-1.00
0.60
0.60
-1.00
0.32
0.32
0.32
-1.00
-1.00
-1.00
3.23
3.23
-1.00
1.72
1.72
1.72
-1.00
-1.00
-1.00
5.87
5.87
-1.00
3.12
3.12
3.12
5.04
-1.00
-1.00
0.60
0.60
0.60
0.32
0.32
0.32
27.20
-1.00
-1.00
3.23
3.23
3.23
1.72
1.72
1.72
49.36
-1.00
-1.00
5.87
5.87
5.87
3.12
3.12
3.12
-1.00
-1.00
-1.00
-1.00
-1.00
-1.00
0.60
-1.00
-1.00
-1.00
-1.00
-1.00
-1.00
-1.00
-1.00
3.23
-1.00
-1.00
-1.00
-1.00
-1.00
-1.00
-1.00
-1.00
5.87
-1.00
-1.00
-1.00
-1.00
-1.00
1.13
-1.00
-1.00
0.60
0.60
-1.00
-1.00
-1.00
-1.00
6.08
-1.00
-1.00
3.23
3.23
-1.00
-1.00
-1.00
-1.00
11.04
-1.00
-1.00
5.87
5.87
-1.00
-1.00
-1.00
-1.00
1.13
1.13
-1.00
0.60
0.60
0.60
-1.00
-1.00
-1.00
6.08
6.08
-1.00
3.23
3.23
3.23
-1.00
-1.00
-1.00
11.04
11.04
-1.00
5.87
5.87
5.87
0.11
-1.00
-1.00
0.01
0.01
0.01
0.01
0.01
0.01
0.60
-1.00
-1.00
0.07
0.07
0.07
0.04
0.04
0.04
1.09
-1.00
-1.00
0.13
0.13
0.13
0.07
0.07
0.07
0.11
0.11
-1.00
0.01
0.01
0.01
0.01
0.01
0.01
0.60
0.60
-1.00
0.07
0.07
0.07
0.04
0.04
0.04
1.09
1.09
-1.00
0.13
0.13
0.13
0.07
0.07
0.07
0.11
0.11
0.11
0.01
0.01
0.01
0.01
0.01
0.01
0.60
0.60
0.60
0.07
0.07
0.07
0.04
0.04
0.04
1.09
1.09
1.09
0.13
0.13
0.13
0.07
0.07
0.07
-1.00
-1.00
-1.00
0.11
-1.00
-1.00
0.06
-1.00
-1.00
-1.00
-1.00
-1.00
0.60
-1.00
-1.00
0.32
-1.00
-1.00
-1.00
-1.00
-1.00
1.09
-1.00
-1.00
0.58
-1.00
-1.00
-1.00
-1.00
-1.00
0.11
0.11
-1.00
0.06
0.06
0.06
-1.00
-1.00
-1.00
0.60
0.60
-1.00
0.32
0.32
0.32
-1.00
-1.00
-1.00
1.09
1.09
-1.00
0.58
0.58
0.58
0.93
-1.00
-1.00
0.11
0.11
0.11
0.06
0.06
0.06
5.04
-1.00
-1.00
0.60
0.60
0.60
0.32
0.32
0.32
9.15
-1.00
-1.00
1.09
1.09
1.09
0.58
0.58
0.58
-1.00
-1.00
-1.00
-1.00
-1.00
-1.00
0.11
-1.00
-1.00
-1.00
-1.00
-1.00
-1.00
-1.00
-1.00
0.60
-1.00
-1.00
-1.00
-1.00
-1.00
-1.00
-1.00
-1.00
1.09
-1.00
-1.00
-1.00
-1.00
-1.00
0.21
-1.00
-1.00
0.11
0.11
-1.00
-1.00
-1.00
-1.00
1.13
-1.00
-1.00
0.60
0.60
-1.00
-1.00
-1.00
-1.00
2.05
-1.00
-1.00
1.09
1.09
-1.00
-1.00
-1.00
-1.00
0.21
0.21
-1.00
0.11
0.11
0.11
-1.00
-1.00
-1.00
1.13
1.13
-1.00
0.60
0.60
0.60
-1.00
-1.00
-1.00
2.05
2.05
-1.00
1.09
1.09
1.09
0.06
-1.00
-1.00
0.01
0.01
0.01
0.00
0.00
0.00
0.33
-1.00
-1.00
0.04
0.04
0.04
0.02
0.02
0.02
0.60
-1.00
-1.00
0.07
0.07
0.07
0.04
0.04
0.04
0.06
0.06
-1.00
0.01
0.01
0.01
0.00
0.00
0.00
0.33
0.33
-1.00
0.04
0.04
0.04
0.02
0.02
0.02
0.60
0.60
-1.00
0.07
0.07
0.07
0.04
0.04
0.04
0.06
0.06
0.06
0.01
0.01
0.01
0.00
0.00
0.00
0.33
0.33
0.33
0.04
0.04
0.04
0.02
0.02
0.02
0.60
0.60
0.60
0.07
0.07
0.07
0.04
0.04
0.04
-1.00
-1.00
-1.00
0.06
-1.00
-1.00
0.03
-1.00
-1.00
-1.00
-1.00
-1.00
0.33
-1.00
-1.00
0.18
-1.00
-1.00
-1.00
-1.00
-1.00
0.60
-1.00
-1.00
0.32
-1.00
-1.00
-1.00
-1.00
-1.00
0.06
0.06
-1.00
0.03
0.03
0.03
-1.00
-1.00
-1.00
0.33
0.33
-1.00
0.18
0.18
0.18
-1.00
-1.00
-1.00
0.60
0.60
-1.00
0.32
0.32
0.32
0.51
-1.00
-1.00
0.06
0.06
0.06
0.03
0.03
0.03
2.78
-1.00
-1.00
0.33
0.33
0.33
0.18
0.18
0.18
5.04
-1.00
-1.00
0.60
0.60
0.60
0.32
0.32
0.32
-1.00
-1.00
-1.00
-1.00
-1.00
-1.00
0.06
-1.00
-1.00
-1.00
-1.00
-1.00
-1.00
-1.00
-1.00
0.33
-1.00
-1.00
-1.00
-1.00
-1.00
-1.00
-1.00
-1.00
0.60
-1.00
-1.00
-1.00
-1.00
-1.00
0.12
-1.00
-1.00
0.06
0.06
-1.00
-1.00
-1.00
-1.00
0.62
-1.00
-1.00
0.33
0.33
-1.00
-1.00
-1.00
-1.00
1.13
-1.00
-1.00
0.60
0.60
-1.00
-1.00
-1.00
-1.00
0.12
0.12
-1.00
0.06
0.06
0.06
-1.00
-1.00
-1.00
0.62
0.62
-1.00
0.33
0.33
0.33
-1.00
-1.00
-1.00
1.13
1.13
-1.00
0.60
0.60
0.60
