1.00
-1.00
-1.00
0.72
0.82
0.83
0.54
0.54
0.54
1.02
-1.00
-1.00
0.73
0.83
0.84
0.54
0.54
0.54
1.02
-1.00
-1.00
0.73
0.83
0.84
0.54
0.54
0.54
0.83
1.00
1.00
0.56
0.59
0.61
0.54
0.54
0.54
0.84
1.02
1.02
0.57
0.59
0.61
0.54
0.54
0.54
0.84
1.02
1.02
0.57
0.59
0.61
0.54
0.54
0.54
0.83
1.00
1.00
0.56
0.59
0.61
0.54
0.54
0.54
0.84
1.02
1.02
0.57
0.59
0.61
0.54
0.54
0.54
0.84
1.02
1.02
0.57
0.59
0.61
0.54
0.54
0.54
-1.00
-1.00
-1.00
1.00
-1.00
-1.00
0.75
0.85
0.86
-1.00
-1.00
-1.00
1.02
-1.00
-1.00
0.76
0.87
0.87
-1.00
-1.00
-1.00
1.02
-1.00
-1.00
0.76
0.87
0.87
-1.00
-1.00
-1.00
0.84
1.00
1.00
0.61
0.65
0.67
-1.00
-1.00
-1.00
0.86
1.02
1.02
0.61
0.66
0.67
-1.00
-1.00
-1.00
0.86
1.02
1.02
0.61
0.66
0.67
-1.00
-1.00
-1.00
0.84
1.00
1.00
0.61
0.65
0.67
-1.00
-1.00
-1.00
0.86
1.02
1.02
0.61
0.66
0.67
-1.00
-1.00
-1.00
0.86
1.02
1.02
0.61
0.66
0.67
-1.00
-1.00
-1.00
-1.00
-1.00
-1.00
1.00
-1.00
-1.00
-1.00
-1.00
-1.00
-1.00
-1.00
-1.00
1.02
-1.00
-1.00
-1.00
-1.00
-1.00
-1.00
-1.00
-1.00
1.02
-1.00
-1.00
-1.00
-1.00
-1.00
-1.00
-1.00
-1.00
0.86
1.00
1.00
-1.00
-1.00
-1.00
-1.00
-1.00
-1.00
0.87
1.02
1.02
-1.00
-1.00
-1.00
-1.00
-1.00
-1.00
0.87
1.02
1.02
-1.00
-1.00
-1.00
-1.00
-1.00
-1.00
0.86
1.00
1.00
-1.00
-1.00
-1.00
-1.00
-1.00
-1.00
0.87
1.02
1.02
-1.00
-1.00
-1.00
-1.00
-1.00
-1.00
0.87
1.02
1.02
0.98
-1.00
-1.00
0.70
0.80
0.81
0.53
0.53
0.53
1.00
-1.00
-1.00
0.71
0.82
0.82
0.53
0.53
0.53
1.00
-1.00
-1.00
0.71
0.82
0.82
0.53
0.53
0.53
0.81
0.98
0.98
0.55
0.57
0.59
0.53
0.53
0.53
0.82
1.00
1.00
0.55
0.58
0.60
0.53
0.53
0.53
0.82
1.00
1.00
0.55
0.58
0.60
0.53
0.53
0.53
0.81
0.98
0.98
0.55
0.57
0.59
0.53
0.53
0.53
0.82
1.00
1.00
0.55
0.58
0.60
0.53
0.53
0.53
0.82
1.00
1.00
0.55
0.58
0.60
0.53
0.53
0.53
-1.00
-1.00
-1.00
0.98
-1.00
-1.00
0.73
0.83
0.84
-1.00
-1.00
-1.00
1.00
-1.00
-1.00
0.74
0.85
0.86
-1.00
-1.00
-1.00
1.00
-1.00
-1.00
0.74
0.85
0.86
-1.00
-1.00
-1.00
0.83
0.98
0.98
0.60
0.64
0.65
-1.00
-1.00
-1.00
0.84
1.00
1.00
0.60
0.64
0.66
-1.00
-1.00
-1.00
0.84
1.00
1.00
0.60
0.64
0.66
-1.00
-1.00
-1.00
0.83
0.98
0.98
0.60
0.64
0.65
-1.00
-1.00
-1.00
0.84
1.00
1.00
0.60
0.64
0.66
-1.00
-1.00
-1.00
0.84
1.00
1.00
0.60
0.64
0.66
-1.00
-1.00
-1.00
-1.00
-1.00
-1.00
0.98
-1.00
-1.00
-1.00
-1.00
-1.00
-1.00
-1.00
-1.00
1.00
-1.00
-1.00
-1.00
-1.00
-1.00
-1.00
-1.00
-1.00
1.00
-1.00
-1.00
-1.00
-1.00
-1.00
-1.00
-1.00
-1.00
0.84
0.98
0.98
-1.00
-1.00
-1.00
-1.00
-1.00
-1.00
0.86
1.00
1.00
-1.00
-1.00
-1.00
-1.00
-1.00
-1.00
0.86
1.00
1.00
-1.00
-1.00
-1.00
-1.00
-1.00
-1.00
0.84
0.98
0.98
-1.00
-1.00
-1.00
-1.00
-1.00
-1.00
0.86
1.00
1.00
-1.00
-1.00
-1.00
-1.00
-1.00
-1.00
0.86
1.00
1.00
0.98
-1.00
-1.00
0.70
0.80
0.81
0.53
0.53
0.53
1.00
-1.00
-1.00
0.71
0.82
0.82
0.53
0.53
0.53
1.00
-1.00
-1.00
0.71
0.82
0.82
0.53
0.53
0.53
0.81
0.98
0.98
0.55
0.57
0.59
0.53
0.53
0.53
0.82
1.00
1.00
0.55
0.58
0.60
0.53
0.53
0.53
0.82
1.00
1.00
0.55
0.58
0.60
0.53
0.53
0.53
0.81
0.98
0.98
0.55
0.57
0.59
0.53
0.53
0.53
0.82
1.00
1.00
0.55
0.58
0.60
0.53
0.53
0.53
0.82
1.00
1.00
0.55
0.58
0.60
0.53
0.53
0.53
-1.00
-1.00
-1.00
0.98
-1.00
-1.00
0.73
0.83
0.84
-1.00
-1.00
-1.00
1.00
-1.00
-1.00
0.74
0.85
0.86
-1.00
-1.00
-1.00
1.00
-1.00
-1.00
0.74
0.85
0.86
-1.00
-1.00
-1.00
0.83
0.98
0.98
0.60
0.64
0.65
-1.00
-1.00
-1.00
0.84
1.00
1.00
0.60
0.64
0.66
-1.00
-1.00
-1.00
0.84
1.00
1.00
0.60
0.64
0.66
-1.00
-1.00
-1.00
0.83
0.98
0.98
0.60
0.64
0.65
-1.00
-1.00
-1.00
0.84
1.00
1.00
0.60
0.64
0.66
-1.00
-1.00
-1.00
0.84
1.00
1.00
0.60
0.64
0.66
-1.00
-1.00
-1.00
-1.00
-1.00
-1.00
0.98
-1.00
-1.00
-1.00
-1.00
-1.00
-1.00
-1.00
-1.00
1.00
-1.00
-1.00
-1.00
-1.00
-1.00
-1.00
-1.00
-1.00
1.00
-1.00
-1.00
-1.00
-1.00
-1.00
-1.00
-1.00
-1.00
0.84
0.98
0.98
-1.00
-1.00
-1.00
-1.00
-1.00
-1.00
0.86
1.00
1.00
-1.00
-1.00
-1.00
-1.00
-1.00
-1.00
0.86
1.00
1.00
-1.00
-1.00
-1.00
-1.00
-1.00
-1.00
0.84
0.98
0.98
-1.00
-1.00
-1.00
-1.00
-1.00
-1.00
0.86
1.00
1.00
-1.00
-1.00
-1.00
-1.00
-1.00
-1.00
0.86
1.00
1.00
