1.00
-1.00
-1.00
0.80
-1.00
-1.00
0.80
-1.00
-1.00
5.40
-1.00
-1.00
4.31
-1.00
-1.00
4.31
-1.00
-1.00
9.79
-1.00
-1.00
7.81
-1.00
-1.00
7.81
-1.00
-1.00
1.00
1.00
-1.00
0.80
0.80
-1.00
0.80
0.80
-1.00
5.40
5.40
-1.00
4.31
4.31
-1.00
4.31
4.31
-1.00
9.79
9.79
-1.00
7.81
7.81
-1.00
7.81
7.81
-1.00
1.00
1.00
1.00
0.80
0.80
0.80
0.80
0.80
0.80
5.40
5.40
5.40
4.31
4.31
4.31
4.31
4.31
4.31
9.79
9.79
9.79
7.81
7.81
7.81
7.81
7.81
7.81
-1.00
-1.00
-1.00
1.00
-1.00
-1.00
0.80
-1.00
-1.00
-1.00
-1.00
-1.00
5.40
-1.00
-1.00
4.31
-1.00
-1.00
-1.00
-1.00
-1.00
9.79
-1.00
-1.00
7.81
-1.00
-1.00
-1.00
-1.00
-1.00
1.00
1.00
-1.00
0.80
0.80
-1.00
-1.00
-1.00
-1.00
5.40
5.40
-1.00
4.31
4.31
-1.00
-1.00
-1.00
-1.00
9.79
9.79
-1.00
7.81
7.81
-1.00
6.70
-1.00
-1.00
1.00
1.00
1.00
0.80
0.80
0.80
36.15
-1.00
-1.00
5.40
5.40
5.40
4.31
4.31
4.31
65.59
-1.00
-1.00
9.79
9.79
9.79
7.81
7.81
7.81
-1.00
-1.00
-1.00
-1.00
-1.00
-1.00
1.00
-1.00
-1.00
-1.00
-1.00
-1.00
-1.00
-1.00
-1.00
5.40
-1.00
-1.00
-1.00
-1.00
-1.00
-1.00
-1.00
-1.00
9.79
-1.00
-1.00
-1.00
-1.00
-1.00
1.68
-1.00
-1.00
1.00
1.00
-1.00
-1.00
-1.00
-1.00
9.05
-1.00
-1.00
5.40
5.40
-1.00
-1.00
-1.00
-1.00
16.43
-1.00
-1.00
9.79
9.79
-1.00
-1.00
-1.00
-1.00
1.68
1.68
-1.00
1.00
1.00
1.00
-1.00
-1.00
-1.00
9.05
9.05
-1.00
5.40
5.40
5.40
-1.00
-1.00
-1.00
16.43
16.43
-1.00
9.79
9.79
9.79
0.19
-1.00
-1.00
0.15
-1.00
-1.00
0.15
-1.00
-1.00
1.00
-1.00
-1.00
0.80
-1.00
-1.00
0.80
-1.00
-1.00
1.81
-1.00
-1.00
1.45
-1.00
-1.00
1.45
-1.00
-1.00
0.19
0.19
-1.00
0.15
0.15
-1.00
0.15
0.15
-1.00
1.00
1.00
-1.00
0.80
0.80
-1.00
0.80
0.80
-1.00
1.81
1.81
-1.00
1.45
1.45
-1.00
1.45
1.45
-1.00
0.19
0.19
0.19
0.15
0.15
0.15
0.15
0.15
0.15
1.00
1.00
1.00
0.80
0.80
0.80
0.80
0.80
0.80
1.81
1.81
1.81
1.45
1.45
1.45
1.45
1.45
1.45
-1.00
-1.00
-1.00
0.19
-1.00
-1.00
0.15
-1.00
-1.00
-1.00
-1.00
-1.00
1.00
-1.00
-1.00
0.80
-1.00
-1.00
-1.00
-1.00
-1.00
1.81
-1.00
-1.00
1.45
-1.00
-1.00
-1.00
-1.00
-1.00
0.19
0.19
-1.00
0.15
0.15
-1.00
-1.00
-1.00
-1.00
1.00
1.00
-1.00
0.80
0.80
-1.00
-1.00
-1.00
-1.00
1.81
1.81
-1.00
1.45
1.45
-1.00
1.24
-1.00
-1.00
0.19
0.19
0.19
0.15
0.15
0.15
6.70
-1.00
-1.00
1.00
1.00
1.00
0.80
0.80
0.80
12.16
-1.00
-1.00
1.81
1.81
1.81
1.45
1.45
1.45
-1.00
-1.00
-1.00
-1.00
-1.00
-1.00
0.19
-1.00
-1.00
-1.00
-1.00
-1.00
-1.00
-1.00
-1.00
1.00
-1.00
-1.00
-1.00
-1.00
-1.00
-1.00
-1.00
-1.00
1.81
-1.00
-1.00
-1.00
-1.00
-1.00
0.31
-1.00
-1.00
0.19
0.19
-1.00
-1.00
-1.00
-1.00
1.68
-1.00
-1.00
1.00
1.00
-1.00
-1.00
-1.00
-1.00
3.04
-1.00
-1.00
1.81
1.81
-1.00
-1.00
-1.00
-1.00
0.31
0.31
-1.00
0.19
0.19
0.19
-1.00
-1.00
-1.00
1.68
1.68
-1.00
1.00
1.00
1.00
-1.00
-1.00
-1.00
3.04
3.04
-1.00
1.81
1.81
1.81
0.10
-1.00
-1.00
0.08
-1.00
-1.00
0.08
-1.00
-1.00
0.55
-1.00
-1.00
0.44
-1.00
-1.00
0.44
-1.00
-1.00
1.00
-1.00
-1.00
0.80
-1.00
-1.00
0.80
-1.00
-1.00
0.10
0.10
-1.00
0.08
0.08
-1.00
0.08
0.08
-1.00
0.55
0.55
-1.00
0.44
0.44
-1.00
0.44
0.44
-1.00
1.00
1.00
-1.00
0.80
0.80
-1.00
0.80
0.80
-1.00
0.10
0.10
0.10
0.08
0.08
0.08
0.08
0.08
0.08
0.55
0.55
0.55
0.44
0.44
0.44
0.44
0.44
0.44
1.00
1.00
1.00
0.80
0.80
0.80
0.80
0.80
0.80
-1.00
-1.00
-1.00
0.10
-1.00
-1.00
0.08
-1.00
-1.00
-1.00
-1.00
-1.00
0.55
-1.00
-1.00
0.44
-1.00
-1.00
-1.00
-1.00
-1.00
1.00
-1.00
-1.00
0.80
-1.00
-1.00
-1.00
-1.00
-1.00
0.10
0.10
-1.00
0.08
0.08
-1.00
-1.00
-1.00
-1.00
0.55
0.55
-1.00
0.44
0.44
-1.00
-1.00
-1.00
-1.00
1.00
1.00
-1.00
0.80
0.80
-1.00
0.68
-1.00
-1.00
0.10
0.10
0.10
0.08
0.08
0.08
3.69
-1.00
-1.00
0.55
0.55
0.55
0.44
0.44
0.44
6.70
-1.00
-1.00
1.00
1.00
1.00
0.80
0.80
0.80
-1.00
-1.00
-1.00
-1.00
-1.00
-1.00
0.10
-1.00
-1.00
-1.00
-1.00
-1.00
-1.00
-1.00
-1.00
0.55
-1.00
-1.00
-1.00
-1.00
-1.00
-1.00
-1.00
-1.00
1.00
-1.00
-1.00
-1.00
-1.00
-1.00
0.17
-1.00
-1.00
0.10
0.10
-1.00
-1.00
-1.00
-1.00
0.92
-1.00
-1.00
0.55
0.55
-1.00
-1.00
-1.00
-1.00
1.68
-1.00
-1.00
1.00
1.00
-1.00
-1.00
-1.00
-1.00
0.17
0.17
-1.00
0.10
0.10
0.10
-1.00
-1.00
-1.00
0.92
0.92
-1.00
0.55
0.55
0.55
-1.00
-1.00
-1.00
1.68
1.68
-1.00
1.00
1.00
1.00
