1.00
0.00
0.00
0.91
0.91
0.91
0.81
0.82
0.82
1.03
0.00
0.00
0.94
0.94
0.94
0.83
0.84
0.84
1.06
0.00
0.00
0.96
0.96
0.97
0.85
0.86
0.87
1.00
1.00
0.00
0.91
0.91
0.91
0.81
0.81
0.82
1.03
1.03
0.00
0.94
0.94
0.94
0.82
0.83
0.84
1.06
1.06
0.00
0.96
0.96
0.96
0.84
0.85
0.86
1.00
1.00
1.00
0.91
0.91
0.91
0.80
0.81
0.81
1.03
1.03
1.03
0.94
0.94
0.94
0.82
0.83
0.83
1.06
1.06
1.06
0.96
0.96
0.96
0.84
0.85
0.86
0.00
0.00
0.00
1.00
0.00
0.00
0.91
0.91
0.91
0.00
0.00
0.00
1.03
0.00
0.00
0.93
0.94
0.94
0.00
0.00
0.00
1.06
0.00
0.00
0.95
0.96
0.97
0.00
0.00
0.00
1.00
1.00
0.00
0.90
0.91
0.91
0.00
0.00
0.00
1.03
1.03
0.00
0.92
0.93
0.94
0.00
0.00
0.00
1.06
1.06
0.00
0.95
0.96
0.96
0.00
0.00
0.00
1.00
1.00
1.00
0.90
0.90
0.91
0.00
0.00
0.00
1.03
1.03
1.03
0.92
0.93
0.93
0.00
0.00
0.00
1.06
1.06
1.06
0.94
0.95
0.96
0.00
0.00
0.00
0.00
0.00
0.00
1.00
0.00
0.00
0.00
0.00
0.00
0.00
0.00
0.00
1.03
0.00
0.00
0.00
0.00
0.00
0.00
0.00
0.00
1.06
0.00
0.00
0.00
0.00
0.00
0.00
0.00
0.00
1.00
1.00
0.00
0.00
0.00
0.00
0.00
0.00
0.00
1.02
1.03
0.00
0.00
0.00
0.00
0.00
0.00
0.00
1.05
1.06
0.00
0.00
0.00
0.00
0.00
0.00
0.00
0.99
1.00
1.00
0.00
0.00
0.00
0.00
0.00
0.00
1.02
1.02
1.03
0.00
0.00
0.00
0.00
0.00
0.00
1.05
1.05
1.06
0.97
0.00
0.00
0.89
0.89
0.89
0.79
0.79
0.80
1.00
0.00
0.00
0.91
0.91
0.91
0.81
0.81
0.82
1.03
0.00
0.00
0.93
0.94
0.94
0.83
0.83
0.84
0.97
0.97
0.00
0.89
0.89
0.89
0.78
0.79
0.79
1.00
1.00
0.00
0.91
0.91
0.91
0.80
0.81
0.81
1.03
1.03
0.00
0.93
0.94
0.94
0.82
0.83
0.84
0.97
0.97
0.97
0.89
0.89
0.89
0.78
0.78
0.79
1.00
1.00
1.00
0.91
0.91
0.91
0.80
0.80
0.81
1.03
1.03
1.03
0.93
0.93
0.94
0.81
0.82
0.83
0.00
0.00
0.00
0.97
0.00
0.00
0.88
0.88
0.89
0.00
0.00
0.00
1.00
0.00
0.00
0.90
0.91
0.91
0.00
0.00
0.00
1.03
0.00
0.00
0.93
0.93
0.94
0.00
0.00
0.00
0.97
0.97
0.00
0.87
0.88
0.88
0.00
0.00
0.00
1.00
1.00
0.00
0.90
0.90
0.91
0.00
0.00
0.00
1.03
1.03
0.00
0.92
0.93
0.93
0.00
0.00
0.00
0.97
0.97
0.97
0.87
0.88
0.88
0.00
0.00
0.00
1.00
1.00
1.00
0.89
0.90
0.91
0.00
0.00
0.00
1.03
1.03
1.03
0.92
0.92
0.93
0.00
0.00
0.00
0.00
0.00
0.00
0.97
0.00
0.00
0.00
0.00
0.00
0.00
0.00
0.00
1.00
0.00
0.00
0.00
0.00
0.00
0.00
0.00
0.00
1.03
0.00
0.00
0.00
0.00
0.00
0.00
0.00
0.00
0.97
0.97
0.00
0.00
0.00
0.00
0.00
0.00
0.00
0.99
1.00
0.00
0.00
0.00
0.00
0.00
0.00
0.00
1.02
1.03
0.00
0.00
0.00
0.00
0.00
0.00
0.00
0.96
0.97
0.97
0.00
0.00
0.00
0.00
0.00
0.00
0.99
1.00
1.00
0.00
0.00
0.00
0.00
0.00
0.00
1.02
1.02
1.03
0.94
0.00
0.00
0.86
0.86
0.86
0.76
0.77
0.78
0.97
0.00
0.00
0.88
0.89
0.89
0.78
0.79
0.80
1.00
0.00
0.00
0.91
0.91
0.91
0.80
0.81
0.82
0.94
0.94
0.00
0.86
0.86
0.86
0.76
0.77
0.77
0.97
0.97
0.00
0.88
0.89
0.89
0.78
0.79
0.79
1.00
1.00
0.00
0.91
0.91
0.91
0.80
0.81
0.81
0.94
0.94
0.94
0.86
0.86
0.86
0.76
0.76
0.77
0.97
0.97
0.97
0.88
0.88
0.89
0.77
0.78
0.79
1.00
1.00
1.00
0.91
0.91
0.91
0.79
0.80
0.81
0.00
0.00
0.00
0.94
0.00
0.00
0.85
0.86
0.86
0.00
0.00
0.00
0.97
0.00
0.00
0.88
0.88
0.89
0.00
0.00
0.00
1.00
0.00
0.00
0.90
0.91
0.91
0.00
0.00
0.00
0.94
0.94
0.00
0.85
0.86
0.86
0.00
0.00
0.00
0.97
0.97
0.00
0.87
0.88
0.88
0.00
0.00
0.00
1.00
1.00
0.00
0.90
0.90
0.91
0.00
0.00
0.00
0.94
0.94
0.94
0.85
0.85
0.86
0.00
0.00
0.00
0.97
0.97
0.97
0.87
0.87
0.88
0.00
0.00
0.00
1.00
1.00
1.00
0.89
0.90
0.90
0.00
0.00
0.00
0.00
0.00
0.00
0.94
0.00
0.00
0.00
0.00
0.00
0.00
0.00
0.00
0.97
0.00
0.00
0.00
0.00
0.00
0.00
0.00
0.00
1.00
0.00
0.00
0.00
0.00
0.00
0.00
0.00
0.00
0.94
0.94
0.00
0.00
0.00
0.00
0.00
0.00
0.00
0.97
0.97
0.00
0.00
0.00
0.00
0.00
0.00
0.00
0.99
1.00
0.00
0.00
0.00
0.00
0.00
0.00
0.00
0.94
0.94
0.94
0.00
0.00
0.00
0.00
0.00
0.00
0.96
0.97
0.97
0.00
0.00
0.00
0.00
0.00
0.00
0.99
0.99
1.00
