0.92
0.92
0.92
0.84
0.84
0.84
0.77
0.77
0.77
0.92
0.92
0.92
0.85
0.85
0.85
0.78
0.78
0.78
0.93
0.93
0.93
0.85
0.85
0.85
0.79
0.79
0.79
0.92
0.92
0.92
0.84
0.84
0.84
0.77
0.77
0.77
0.92
0.92
0.92
0.85
0.85
0.85
0.78
0.78
0.78
0.93
0.93
0.93
0.85
0.85
0.85
0.79
0.79
0.79
0.92
0.92
0.92
0.84
0.84
0.84
0.77
0.77
0.77
0.92
0.92
0.92
0.85
0.85
0.85
0.78
0.78
0.78
0.93
0.93
0.93
0.85
0.85
0.85
0.79
0.79
0.79
0.93
0.93
0.93
0.85
0.85
0.85
0.78
0.78
0.78
0.93
0.93
0.93
0.85
0.85
0.85
0.79
0.79
0.79
0.94
0.94
0.94
0.86
0.86
0.86
0.79
0.79
0.79
0.93
0.93
0.93
0.85
0.85
0.85
0.78
0.78
0.78
0.93
0.93
0.93
0.85
0.85
0.85
0.79
0.79
0.79
0.94
0.94
0.94
0.86
0.86
0.86
0.79
0.79
0.79
0.93
0.93
0.93
0.85
0.85
0.85
0.78
0.78
0.78
0.93
0.93
0.93
0.85
0.85
0.85
0.79
0.79
0.79
0.94
0.94
0.94
0.86
0.86
0.86
0.79
0.79
0.79
0.93
0.93
0.93
0.85
0.85
0.85
0.79
0.79
0.79
0.94
0.94
0.94
0.86
0.86
0.86
0.79
0.79
0.79
0.95
0.95
0.95
0.87
0.87
0.87
0.80
0.80
0.80
0.93
0.93
0.93
0.85
0.85
0.85
0.79
0.79
0.79
0.94
0.94
0.94
0.86
0.86
0.86
0.79
0.79
0.79
0.95
0.95
0.95
0.87
0.87
0.87
0.80
0.80
0.80
0.93
0.93
0.93
0.85
0.85
0.85
0.79
0.79
0.79
0.94
0.94
0.94
0.86
0.86
0.86
0.79
0.79
0.79
0.95
0.95
0.95
0.87
0.87
0.87
0.80
0.80
0.80
0.91
0.91
0.91
0.84
0.84
0.84
0.77
0.77
0.77
0.92
0.92
0.92
0.84
0.84
0.84
0.78
0.78
0.78
0.93
0.93
0.93
0.85
0.85
0.85
0.78
0.78
0.78
0.91
0.91
0.91
0.84
0.84
0.84
0.77
0.77
0.77
0.92
0.92
0.92
0.84
0.84
0.84
0.78
0.78
0.78
0.93
0.93
0.93
0.85
0.85
0.85
0.78
0.78
0.78
0.91
0.91
0.91
0.84
0.84
0.84
0.77
0.77
0.77
0.92
0.92
0.92
0.84
0.84
0.84
0.78
0.78
0.78
0.93
0.93
0.93
0.85
0.85
0.85
0.78
0.78
0.78
0.92
0.92
0.92
0.84
0.84
0.84
0.78
0.78
0.78
0.93
0.93
0.93
0.85
0.85
0.85
0.78
0.78
0.78
0.94
0.94
0.94
0.86
0.86
0.86
0.79
0.79
0.79
0.92
0.92
0.92
0.84
0.84
0.84
0.78
0.78
0.78
0.93
0.93
0.93
0.85
0.85
0.85
0.78
0.78
0.78
0.94
0.94
0.94
0.86
0.86
0.86
0.79
0.79
0.79
0.92
0.92
0.92
0.84
0.84
0.84
0.78
0.78
0.78
0.93
0.93
0.93
0.85
0.85
0.85
0.78
0.78
0.78
0.94
0.94
0.94
0.86
0.86
0.86
0.79
0.79
0.79
0.93
0.93
0.93
0.85
0.85
0.85
0.78
0.78
0.78
0.94
0.94
0.94
0.86
0.86
0.86
0.79
0.79
0.79
0.94
0.94
0.94
0.86
0.86
0.86
0.80
0.80
0.80
0.93
0.93
0.93
0.85
0.85
0.85
0.78
0.78
0.78
0.94
0.94
0.94
0.86
0.86
0.86
0.79
0.79
0.79
0.94
0.94
0.94
0.86
0.86
0.86
0.80
0.80
0.80
0.93
0.93
0.93
0.85
0.85
0.85
0.78
0.78
0.78
0.94
0.94
0.94
0.86
0.86
0.86
0.79
0.79
0.79
0.94
0.94
0.94
0.86
0.86
0.86
0.80
0.80
0.80
0.91
0.91
0.91
0.83
0.83
0.83
0.77
0.77
0.77
0.92
0.92
0.92
0.84
0.84
0.84
0.77
0.77
0.77
0.92
0.92
0.92
0.85
0.85
0.85
0.78
0.78
0.78
0.91
0.91
0.91
0.83
0.83
0.83
0.77
0.77
0.77
0.92
0.92
0.92
0.84
0.84
0.84
0.77
0.77
0.77
0.92
0.92
0.92
0.85
0.85
0.85
0.78
0.78
0.78
0.91
0.91
0.91
0.83
0.83
0.83
0.77
0.77
0.77
0.92
0.92
0.92
0.84
0.84
0.84
0.77
0.77
0.77
0.92
0.92
0.92
0.85
0.85
0.85
0.78
0.78
0.78
0.92
0.92
0.92
0.84
0.84
0.84
0.77
0.77
0.77
0.93
0.93
0.93
0.85
0.85
0.85
0.78
0.78
0.78
0.93
0.93
0.93
0.85
0.85
0.85
0.79
0.79
0.79
0.92
0.92
0.92
0.84
0.84
0.84
0.77
0.77
0.77
0.93
0.93
0.93
0.85
0.85
0.85
0.78
0.78
0.78
0.93
0.93
0.93
0.85
0.85
0.85
0.79
0.79
0.79
0.92
0.92
0.92
0.84
0.84
0.84
0.77
0.77
0.77
0.93
0.93
0.93
0.85
0.85
0.85
0.78
0.78
0.78
0.93
0.93
0.93
0.85
0.85
0.85
0.79
0.79
0.79
0.93
0.93
0.93
0.85
0.85
0.85
0.78
0.78
0.78
0.93
0.93
0.93
0.85
0.85
0.85
0.79
0.79
0.79
0.94
0.94
0.94
0.86
0.86
0.86
0.79
0.79
0.79
0.93
0.93
0.93
0.85
0.85
0.85
0.78
0.78
0.78
0.93
0.93
0.93
0.85
0.85
0.85
0.79
0.79
0.79
0.94
0.94
0.94
0.86
0.86
0.86
0.79
0.79
0.79
0.93
0.93
0.93
0.85
0.85
0.85
0.78
0.78
0.78
0.93
0.93
0.93
0.85
0.85
0.85
0.79
0.79
0.79
0.94
0.94
0.94
0.86
0.86
0.86
0.79
0.79
0.79
