1.00
0.00
0.00
0.91
0.91
0.91
0.84
0.84
0.84
1.01
0.00
0.00
0.92
0.92
0.92
0.85
0.85
0.85
1.02
0.00
0.00
0.93
0.93
0.93
0.85
0.85
0.85
1.00
1.00
0.00
0.91
0.91
0.91
0.84
0.84
0.84
1.01
1.01
0.00
0.92
0.92
0.92
0.85
0.85
0.85
1.02
1.02
0.00
0.93
0.93
0.93
0.85
0.85
0.85
1.00
1.00
1.00
0.91
0.91
0.91
0.84
0.84
0.84
1.01
1.01
1.01
0.92
0.92
0.92
0.85
0.85
0.85
1.02
1.02
1.02
0.93
0.93
0.93
0.85
0.85
0.85
0.00
0.00
0.00
1.00
0.00
0.00
0.92
0.92
0.92
0.00
0.00
0.00
1.01
0.00
0.00
0.93
0.93
0.93
0.00
0.00
0.00
1.02
0.00
0.00
0.94
0.94
0.94
0.00
0.00
0.00
1.00
1.00
0.00
0.92
0.92
0.92
0.00
0.00
0.00
1.01
1.01
0.00
0.93
0.93
0.93
0.00
0.00
0.00
1.02
1.02
0.00
0.94
0.94
0.94
0.00
0.00
0.00
1.00
1.00
1.00
0.92
0.92
0.92
0.00
0.00
0.00
1.01
1.01
1.01
0.93
0.93
0.93
0.00
0.00
0.00
1.02
1.02
1.02
0.94
0.94
0.94
0.00
0.00
0.00
0.00
0.00
0.00
1.00
0.00
0.00
0.00
0.00
0.00
0.00
0.00
0.00
1.01
0.00
0.00
0.00
0.00
0.00
0.00
0.00
0.00
1.02
0.00
0.00
0.00
0.00
0.00
0.00
0.00
0.00
1.00
1.00
0.00
0.00
0.00
0.00
0.00
0.00
0.00
1.01
1.01
0.00
0.00
0.00
0.00
0.00
0.00
0.00
1.02
1.02
0.00
0.00
0.00
0.00
0.00
0.00
0.00
1.00
1.00
1.00
0.00
0.00
0.00
0.00
0.00
0.00
1.01
1.01
1.01
0.00
0.00
0.00
0.00
0.00
0.00
1.02
1.02
1.02
0.99
0.00
0.00
0.91
0.91
0.91
0.83
0.83
0.83
1.00
0.00
0.00
0.91
0.91
0.91
0.84
0.84
0.84
1.01
0.00
0.00
0.92
0.92
0.92
0.85
0.85
0.85
0.99
0.99
0.00
0.91
0.91
0.91
0.83
0.83
0.83
1.00
1.00
0.00
0.91
0.91
0.91
0.84
0.84
0.84
1.01
1.01
0.00
0.92
0.92
0.92
0.85
0.85
0.85
0.99
0.99
0.99
0.91
0.91
0.91
0.83
0.83
0.83
1.00
1.00
1.00
0.91
0.91
0.91
0.84
0.84
0.84
1.01
1.01
1.01
0.92
0.92
0.92
0.85
0.85
0.85
0.00
0.00
0.00
0.99
0.00
0.00
0.91
0.91
0.91
0.00
0.00
0.00
1.00
0.00
0.00
0.92
0.92
0.92
0.00
0.00
0.00
1.01
0.00
0.00
0.93
0.93
0.93
0.00
0.00
0.00
0.99
0.99
0.00
0.91
0.91
0.91
0.00
0.00
0.00
1.00
1.00
0.00
0.92
0.92
0.92
0.00
0.00
0.00
1.01
1.01
0.00
0.93
0.93
0.93
0.00
0.00
0.00
0.99
0.99
0.99
0.91
0.91
0.91
0.00
0.00
0.00
1.00
1.00
1.00
0.92
0.92
0.92
0.00
0.00
0.00
1.01
1.01
1.01
0.93
0.93
0.93
0.00
0.00
0.00
0.00
0.00
0.00
0.99
0.00
0.00
0.00
0.00
0.00
0.00
0.00
0.00
1.00
0.00
0.00
0.00
0.00
0.00
0.00
0.00
0.00
1.01
0.00
0.00
0.00
0.00
0.00
0.00
0.00
0.00
0.99
0.99
0.00
0.00
0.00
0.00
0.00
0.00
0.00
1.00
1.00
0.00
0.00
0.00
0.00
0.00
0.00
0.00
1.01
1.01
0.00
0.00
0.00
0.00
0.00
0.00
0.00
0.99
0.99
0.99
0.00
0.00
0.00
0.00
0.00
0.00
1.00
1.00
1.00
0.00
0.00
0.00
0.00
0.00
0.00
1.01
1.01
1.01
0.98
0.00
0.00
0.90
0.90
0.90
0.83
0.83
0.83
0.99
0.00
0.00
0.91
0.91
0.91
0.83
0.83
0.83
1.00
0.00
0.00
0.91
0.91
0.91
0.84
0.84
0.84
0.98
0.98
0.00
0.90
0.90
0.90
0.83
0.83
0.83
0.99
0.99
0.00
0.91
0.91
0.91
0.83
0.83
0.83
1.00
1.00
0.00
0.91
0.91
0.91
0.84
0.84
0.84
0.98
0.98
0.98
0.90
0.90
0.90
0.83
0.83
0.83
0.99
0.99
0.99
0.91
0.91
0.91
0.83
0.83
0.83
1.00
1.00
1.00
0.91
0.91
0.91
0.84
0.84
0.84
0.00
0.00
0.00
0.98
0.00
0.00
0.91
0.91
0.91
0.00
0.00
0.00
0.99
0.00
0.00
0.91
0.91
0.91
0.00
0.00
0.00
1.00
0.00
0.00
0.92
0.92
0.92
0.00
0.00
0.00
0.98
0.98
0.00
0.91
0.91
0.91
0.00
0.00
0.00
0.99
0.99
0.00
0.91
0.91
0.91
0.00
0.00
0.00
1.00
1.00
0.00
0.92
0.92
0.92
0.00
0.00
0.00
0.98
0.98
0.98
0.91
0.91
0.91
0.00
0.00
0.00
0.99
0.99
0.99
0.91
0.91
0.91
0.00
0.00
0.00
1.00
1.00
1.00
0.92
0.92
0.92
0.00
0.00
0.00
0.00
0.00
0.00
0.98
0.00
0.00
0.00
0.00
0.00
0.00
0.00
0.00
0.99
0.00
0.00
0.00
0.00
0.00
0.00
0.00
0.00
1.00
0.00
0.00
0.00
0.00
0.00
0.00
0.00
0.00
0.98
0.98
0.00
0.00
0.00
0.00
0.00
0.00
0.00
0.99
0.99
0.00
0.00
0.00
0.00
0.00
0.00
0.00
1.00
1.00
0.00
0.00
0.00
0.00
0.00
0.00
0.00
0.98
0.98
0.98
0.00
0.00
0.00
0.00
0.00
0.00
0.99
0.99
0.99
0.00
0.00
0.00
0.00
0.00
0.00
1.00
1.00
1.00
